2000 50 0.00210693 1262 0.000581068 2.03938e-09 0.0175037
2000 100 0.00640083 2808 0.000311962 1.08638e-09 0.0371112
2000 200 0.0243455 7102 0.000313931 1.45793e-09 0.113493
2000 500 0.254761 36647 0.000196104 2.96962e-09 0.893962
2000 750 1.03758 105577 7.01441e-05 1.68747e-09 3.22576
4000 50 0.0022903 1292 0.00155491 2.28207e-09 0.0297054
4000 100 0.0066892 2736 0.000528358 9.6204e-10 0.073946
4000 200 0.0218543 6060 0.000576789 9.8341e-10 0.374288
4000 500 0.14178 20078 0.000483594 1.5393e-09 1.13926
4000 750 0.433199 42124 0.000317543 1.25662e-09 2.9356
4000 1000 0.998135 76543 0.000426126 3.60285e-09 5.7552
20000 50 0.00257305 1249 0.00326969 1.15311e-09 0.29434
20000 100 0.00710888 2641 0.00301499 1.0589e-09 0.632896
20000 200 0.0216197 5428 0.00405998 1.43427e-09 3.38539
20000 500 0.151478 14829 0.00277895 1.0157e-09 0.663998
20000 750 0.320959 23069 0.00292886 1.11205e-09 1.23625
20000 1000 0.570744 31889 0.00332904 1.2456e-09 2.01793
20000 2000 2.06967 77577 0.0024633 1.26378e-09 6.56315
20000 4000 13.8087 253087 0.00178905 1.90959e-09 38.4275
40000 50 0.00285859 1266 0.0143324 2.43352e-09 0.670021
40000 100 0.00772239 2590 0.00647444 1.12671e-09 2.79982
40000 200 0.0257482 5463 0.00708157 1.11674e-09 10.9779
40000 500 0.127692 14371 0.00777731 1.12535e-09 0.934941
40000 750 0.26059 22123 0.00605747 1.09467e-09 1.50108
40000 1000 0.475933 30259 0.00636767 1.08658e-09 2.31269
40000 2000 1.78329 65317 0.00599591 1.03716e-09 6.75339
40000 4000 8.76701 158966 0.00447232 1.10178e-09 27.0472
40000 10000 114.59 836419 0.00254306 1.71342e-09 313.299
80000 50 0.00305237 1271 0.0161229 1.40146e-09 2.95195
80000 100 0.0101791 2627 0.0145712 1.26191e-09 10.6007
80000 200 0.0295398 5377 0.0132127 1.16409e-09 0.524766
80000 500 0.152381 14172 0.0125702 1.09676e-09 1.59645
80000 750 0.284327 21649 0.0124298 1.01936e-09 2.2694
80000 1000 0.533217 29303 0.0118306 1.05181e-09 3.67033
80000 2000 1.80709 62350 0.0107983 9.74189e-10 9.24954
80000 4000 7.60872 134896 0.0105279 1.02759e-09 28.6614
80000 10000 64.1228 459214 0.00778634 1.13627e-09 189.024
80000 20000 539.6 1715635 0.00493812 1.70658e-09 1449.25
160000 50 0.00425952 1252 0.0365662 1.55772e-09 11.9658
160000 100 0.0120764 2637 0.0255795 1.11375e-09 0.51047
160000 200 0.0338983 5409 0.0237066 9.78544e-10 1.00287
160000 500 0.24549 14101 0.0256375 1.11693e-09 2.66719
160000 750 0.297071 21400 0.0273828 1.19054e-09 4.12131
160000 1000 0.608301 29216 0.0253517 1.10172e-09 5.73034
160000 2000 1.94446 60487 0.0252402 1.04672e-09 13.3843
160000 4000 7.54926 127419 0.0237823 1.05551e-09 35.9459
160000 10000 52.0542 359266 0.0210137 1.05102e-09 177.839
160000 20000 308.716 941959 0.0147388 1.0217e-09 893.931
