2000 50 0.00154365 1262 0.000581068 2.03938e-09 0.00336181
2000 100 0.00490142 2808 0.000311962 1.08638e-09 0.00882536
2000 200 0.0198413 7102 0.000313931 1.45793e-09 0.0272317
2000 500 0.210581 36647 0.000196104 2.96962e-09 0.229402
2000 750 0.861834 105577 7.01441e-05 1.68747e-09 0.890467
4000 50 0.00172527 1292 0.00155491 2.28207e-09 0.0054954
4000 100 0.00515684 2736 0.000528358 9.6204e-10 0.0126034
4000 200 0.0177791 6060 0.000576789 9.8341e-10 0.0327258
4000 500 0.118901 20078 0.000483594 1.5393e-09 0.156688
4000 750 0.353065 42124 0.000317543 1.25662e-09 0.409513
4000 1000 0.843351 76543 0.000426126 3.60285e-09 0.917419
20000 50 0.0021328 1249 0.00326969 1.15311e-09 0.0215369
20000 100 0.00615616 2641 0.00301499 1.0589e-09 0.0440748
20000 200 0.0193233 5428 0.00405998 1.43427e-09 0.093316
20000 500 0.107087 14829 0.00277895 1.0157e-09 0.285286
20000 750 0.238391 23069 0.00292886 1.11205e-09 0.504037
20000 1000 0.415441 31889 0.00332904 1.2456e-09 0.765288
20000 2000 1.89489 77577 0.0024633 1.26378e-09 2.59032
20000 4000 11.6255 253087 0.00178905 1.90959e-09 13.0109
40000 50 0.00255762 1266 0.0143324 2.43352e-09 0.0405803
40000 100 0.00766664 2590 0.00647444 1.12671e-09 0.0820145
40000 200 0.0234024 5463 0.00708157 1.11674e-09 0.165244
40000 500 0.115075 14371 0.00777731 1.12535e-09 0.466422
40000 750 0.246019 22123 0.00605747 1.09467e-09 0.772692
40000 1000 0.424766 30259 0.00636767 1.08658e-09 1.11732
40000 2000 1.6736 65317 0.00599591 1.03716e-09 3.06177
40000 4000 7.45197 158966 0.00447232 1.10178e-09 10.2605
40000 10000 92.1353 836419 0.00254306 1.71342e-09 99.1371
80000 50 0.00343528 1271 0.0161229 1.40146e-09 0.0771005
80000 100 0.00978212 2627 0.0145712 1.26191e-09 0.148142
80000 200 0.0279972 5377 0.0132127 1.16409e-09 0.309624
80000 500 0.125682 14172 0.0125702 1.09676e-09 0.817719
80000 750 0.258509 21649 0.0124298 1.01936e-09 1.29513
80000 1000 0.444871 29303 0.0118306 1.05181e-09 1.82803
80000 2000 1.65458 62350 0.0107983 9.74189e-10 4.40132
80000 4000 6.43796 134896 0.0105279 1.02759e-09 11.9658
80000 10000 50.8314 459214 0.00778634 1.13627e-09 64.716
80000 20000 370.545 1715635 0.00493812 1.70658e-09 399.77
160000 50 0.00440021 1252 0.0365662 1.55772e-09 0.148647
160000 100 0.0119445 2637 0.0255795 1.11375e-09 0.291723
160000 200 0.0321932 5409 0.0237066 9.78544e-10 0.585056
160000 500 0.138208 14101 0.0256375 1.11693e-09 1.51989
160000 750 0.275523 21400 0.0273828 1.19054e-09 2.34329
160000 1000 0.471525 29216 0.0253517 1.10172e-09 3.27249
160000 2000 1.65597 60487 0.0252402 1.04672e-09 7.18276
160000 4000 6.18322 127419 0.0237823 1.05551e-09 17.2344
160000 10000 39.9442 359266 0.0210137 1.05102e-09 68.3188
160000 20000 203.785 941959 0.0147388 1.0217e-09 258.687
