2000 50 0.0141852 1262 0.000581068 2.03938e-09 0.016014
2000 50 0.0312795 1262 0.000581068 2.03938e-09 0.0332858
2000 50 0.0518309 1262 0.000581068 2.03938e-09 0.054119
2000 50 0.0791988 1262 0.000581068 2.03938e-09 0.0814001
2000 50 0.084251 1262 0.000581068 2.03938e-09 0.0868462
2000 50 0.203762 1262 0.000581068 2.03938e-09 0.207548
2000 100 0.032986 2808 0.000311962 1.08638e-09 0.0366116
2000 100 0.0677799 2808 0.000311962 1.08638e-09 0.0714165
2000 100 0.111559 2808 0.000311962 1.08638e-09 0.115361
2000 100 0.17027 2808 0.000311962 1.08638e-09 0.174137
2000 100 0.178499 2808 0.000311962 1.08638e-09 0.182603
2000 100 0.432602 2808 0.000311962 1.08638e-09 0.437917
2000 200 0.0920703 7102 0.000313931 1.45793e-09 0.0996995
2000 200 0.18367 7102 0.000313931 1.45793e-09 0.19139
2000 200 0.282545 7102 0.000313931 1.45793e-09 0.290578
2000 200 0.440931 7102 0.000313931 1.45793e-09 0.448803
2000 200 0.459269 7102 0.000313931 1.45793e-09 0.467249
2000 200 1.12456 7102 0.000313931 1.45793e-09 1.13419
2000 500 0.59707 36647 0.000196104 2.96962e-09 0.614177
2000 500 1.04096 36647 0.000196104 2.96962e-09 1.06047
2000 500 1.50636 36647 0.000196104 2.96962e-09 1.52578
2000 500 2.26948 36647 0.000196104 2.96962e-09 2.28874
2000 500 2.36105 36647 0.000196104 2.96962e-09 2.38087
2000 500 5.76869 36647 0.000196104 2.96962e-09 5.79015
2000 750 2.01622 105577 7.01441e-05 1.68747e-09 2.04586
2000 750 3.23609 105577 7.01441e-05 1.68747e-09 3.26601
2000 750 4.55116 105577 7.01441e-05 1.68747e-09 4.58056
2000 750 6.64393 105577 7.01441e-05 1.68747e-09 6.673
2000 750 7.00967 105577 7.01441e-05 1.68747e-09 7.03887
2000 750 16.8855 105577 7.01441e-05 1.68747e-09 16.9163
4000 50 0.0146797 1292 0.00155491 2.28207e-09 0.0185082
4000 50 0.032313 1292 0.00155491 2.28207e-09 0.0360981
4000 50 0.0517368 1292 0.00155491 2.28207e-09 0.0559632
4000 50 0.0810826 1292 0.00155491 2.28207e-09 0.0854451
4000 50 0.0852357 1292 0.00155491 2.28207e-09 0.0894433
4000 50 0.21717 1292 0.00155491 2.28207e-09 0.223061
4000 100 0.0328216 2736 0.000528358 9.6204e-10 0.0396082
4000 100 0.0660792 2736 0.000528358 9.6204e-10 0.073708
4000 100 0.111398 2736 0.000528358 9.6204e-10 0.11903
4000 100 0.170098 2736 0.000528358 9.6204e-10 0.177896
4000 100 0.178801 2736 0.000528358 9.6204e-10 0.186778
4000 100 0.427326 2736 0.000528358 9.6204e-10 0.436787
4000 200 0.0800024 6060 0.000576789 9.8341e-10 0.0955644
4000 200 0.15976 6060 0.000576789 9.8341e-10 0.175211
4000 200 0.243123 6060 0.000576789 9.8341e-10 0.258707
4000 200 0.379217 6060 0.000576789 9.8341e-10 0.394899
4000 200 0.396795 6060 0.000576789 9.8341e-10 0.412701
4000 200 0.967693 6060 0.000576789 9.8341e-10 0.984834
4000 500 0.332636 20078 0.000483594 1.5393e-09 0.371318
4000 500 0.573864 20078 0.000483594 1.5393e-09 0.61248
4000 500 0.798721 20078 0.000483594 1.5393e-09 0.83749
4000 500 1.26737 20078 0.000483594 1.5393e-09 1.30618
4000 500 1.31969 20078 0.000483594 1.5393e-09 1.35794
4000 500 3.0233 20078 0.000483594 1.5393e-09 3.06256
4000 750 0.817388 42124 0.000317543 1.25662e-09 0.869702
4000 750 1.32927 42124 0.000317543 1.25662e-09 1.38719
4000 750 1.86567 42124 0.000317543 1.25662e-09 1.9227
4000 750 2.67189 42124 0.000317543 1.25662e-09 2.72995
4000 750 2.82736 42124 0.000317543 1.25662e-09 2.88553
4000 750 6.4961 42124 0.000317543 1.25662e-09 6.55491
4000 1000 1.71878 76543 0.000426126 3.60285e-09 1.79397
4000 1000 2.45318 76543 0.000426126 3.60285e-09 2.52877
4000 1000 3.40459 76543 0.000426126 3.60285e-09 3.47777
4000 1000 4.80527 76543 0.000426126 3.60285e-09 4.88146
4000 1000 5.06426 76543 0.000426126 3.60285e-09 5.14036
4000 1000 12.8879 76543 0.000426126 3.60285e-09 12.9634
20000 50 0.014844 1249 0.00326969 1.15311e-09 0.0345439
20000 50 0.0318434 1249 0.00326969 1.15311e-09 0.0515297
20000 50 0.0528088 1249 0.00326969 1.15311e-09 0.0729097
20000 50 0.0805437 1249 0.00326969 1.15311e-09 0.10035
20000 50 0.0838377 1249 0.00326969 1.15311e-09 0.104141
20000 50 0.197745 1249 0.00326969 1.15311e-09 0.219115
20000 100 0.0333991 2641 0.00301499 1.0589e-09 0.071844
20000 100 0.0698136 2641 0.00301499 1.0589e-09 0.108147
20000 100 0.108738 2641 0.00301499 1.0589e-09 0.146529
20000 100 0.165922 2641 0.00301499 1.0589e-09 0.204538
20000 100 0.173126 2641 0.00301499 1.0589e-09 0.212595
20000 100 0.455651 2641 0.00301499 1.0589e-09 0.496591
20000 200 0.0764675 5428 0.00405998 1.43427e-09 0.150648
20000 200 0.139794 5428 0.00405998 1.43427e-09 0.214846
20000 200 0.224299 5428 0.00405998 1.43427e-09 0.299217
20000 200 0.344859 5428 0.00405998 1.43427e-09 0.42026
20000 200 0.361122 5428 0.00405998 1.43427e-09 0.435773
20000 200 0.862373 5428 0.00405998 1.43427e-09 0.937423
20000 500 0.26801 14829 0.00277895 1.0157e-09 0.444167
20000 500 0.45339 14829 0.00277895 1.0157e-09 0.633002
20000 500 0.634863 14829 0.00277895 1.0157e-09 0.81493
20000 500 0.941505 14829 0.00277895 1.0157e-09 1.12189
20000 500 0.982348 14829 0.00277895 1.0157e-09 1.16103
20000 500 2.3443 14829 0.00277895 1.0157e-09 2.52638
20000 750 0.490616 23069 0.00292886 1.11205e-09 0.753856
20000 750 0.734876 23069 0.00292886 1.11205e-09 1.00492
20000 750 1.03111 23069 0.00292886 1.11205e-09 1.29937
20000 750 1.4385 23069 0.00292886 1.11205e-09 1.70508
20000 750 1.54842 23069 0.00292886 1.11205e-09 1.81818
20000 750 3.86167 23069 0.00292886 1.11205e-09 4.13229
20000 1000 0.780856 31889 0.00332904 1.2456e-09 1.13426
20000 1000 1.07067 31889 0.00332904 1.2456e-09 1.42966
20000 1000 1.44763 31889 0.00332904 1.2456e-09 1.80359
20000 1000 1.92057 31889 0.00332904 1.2456e-09 2.27795
20000 1000 2.08439 31889 0.00332904 1.2456e-09 2.44155
20000 1000 4.91224 31889 0.00332904 1.2456e-09 5.26807
20000 2000 2.88448 77577 0.0024633 1.26378e-09 3.59284
20000 2000 3.16137 77577 0.0024633 1.26378e-09 3.87609
20000 2000 3.71937 77577 0.0024633 1.26378e-09 4.42576
20000 2000 5.01344 77577 0.0024633 1.26378e-09 5.72701
20000 2000 5.08314 77577 0.0024633 1.26378e-09 5.79049
20000 2000 12.0748 77577 0.0024633 1.26378e-09 12.7811
20000 4000 15.4581 253087 0.00178905 1.90959e-09 16.8866
20000 4000 16.2174 253087 0.00178905 1.90959e-09 17.6569
20000 4000 14.0657 253087 0.00178905 1.90959e-09 15.4993
20000 4000 17.3281 253087 0.00178905 1.90959e-09 18.7533
20000 4000 17.4838 253087 0.00178905 1.90959e-09 18.9043
20000 4000 41.717 253087 0.00178905 1.90959e-09 43.1486
40000 50 0.0155331 1266 0.0143324 2.43352e-09 0.0498991
40000 50 0.0323197 1266 0.0143324 2.43352e-09 0.0712755
40000 50 0.0541382 1266 0.0143324 2.43352e-09 0.0924161
40000 50 0.0828354 1266 0.0143324 2.43352e-09 0.121341
40000 50 0.0847891 1266 0.0143324 2.43352e-09 0.124513
40000 50 0.199467 1266 0.0143324 2.43352e-09 0.240221
40000 100 0.0341098 2590 0.00647444 1.12671e-09 0.108891
40000 100 0.0680641 2590 0.00647444 1.12671e-09 0.142415
40000 100 0.108614 2590 0.00647444 1.12671e-09 0.183458
40000 100 0.164457 2590 0.00647444 1.12671e-09 0.239048
40000 100 0.169629 2590 0.00647444 1.12671e-09 0.241147
40000 100 0.443464 2590 0.00647444 1.12671e-09 0.517272
40000 200 0.0806541 5463 0.00708157 1.11674e-09 0.225533
40000 200 0.150525 5463 0.00708157 1.11674e-09 0.295296
40000 200 0.228412 5463 0.00708157 1.11674e-09 0.373135
40000 200 0.35075 5463 0.00708157 1.11674e-09 0.493302
40000 200 0.362818 5463 0.00708157 1.11674e-09 0.504988
40000 200 0.840807 5463 0.00708157 1.11674e-09 0.988026
40000 500 0.271272 14371 0.00777731 1.12535e-09 0.627812
40000 500 0.454786 14371 0.00777731 1.12535e-09 0.810731
40000 500 0.638924 14371 0.00777731 1.12535e-09 0.997063
40000 500 0.912573 14371 0.00777731 1.12535e-09 1.26752
40000 500 0.958622 14371 0.00777731 1.12535e-09 1.31584
40000 500 2.25703 14371 0.00777731 1.12535e-09 2.61234
40000 750 0.48961 22123 0.00605747 1.09467e-09 1.01915
40000 750 0.762344 22123 0.00605747 1.09467e-09 1.29346
40000 750 0.985585 22123 0.00605747 1.09467e-09 1.5161
40000 750 1.35686 22123 0.00605747 1.09467e-09 1.88696
40000 750 1.49028 22123 0.00605747 1.09467e-09 2.01939
40000 750 3.77494 22123 0.00605747 1.09467e-09 4.30634
40000 1000 0.769117 30259 0.00636767 1.08658e-09 1.47384
40000 1000 1.05376 30259 0.00636767 1.08658e-09 1.74641
40000 1000 1.36402 30259 0.00636767 1.08658e-09 2.08903
40000 1000 1.88561 30259 0.00636767 1.08658e-09 2.58872
40000 1000 1.98408 30259 0.00636767 1.08658e-09 2.7519
40000 1000 4.64507 30259 0.00636767 1.08658e-09 5.34959
40000 2000 2.50881 65317 0.00599591 1.03716e-09 3.89646
40000 2000 2.7461 65317 0.00599591 1.03716e-09 4.1535
40000 2000 3.23544 65317 0.00599591 1.03716e-09 4.65275
40000 2000 4.21937 65317 0.00599591 1.03716e-09 5.64728
40000 2000 4.31846 65317 0.00599591 1.03716e-09 5.72741
40000 2000 10.0898 65317 0.00599591 1.03716e-09 11.4981
40000 4000 9.91336 158966 0.00447232 1.10178e-09 12.741
40000 4000 10.1554 158966 0.00447232 1.10178e-09 12.9662
40000 4000 9.04994 158966 0.00447232 1.10178e-09 11.8828
40000 4000 10.9798 158966 0.00447232 1.10178e-09 13.793
40000 4000 11.0805 158966 0.00447232 1.10178e-09 13.9108
40000 4000 26.5258 158966 0.00447232 1.10178e-09 29.381
40000 10000 110.343 836419 0.00254306 1.71342e-09 117.473
40000 10000 81.2517 836419 0.00254306 1.71342e-09 88.4186
40000 10000 69.2508 836419 0.00254306 1.71342e-09 76.3179
40000 10000 69.4414 836419 0.00254306 1.71342e-09 76.602
40000 10000 63.8163 836419 0.00254306 1.71342e-09 70.8897
40000 10000 126.608 836419 0.00254306 1.71342e-09 133.67
80000 50 0.0165848 1271 0.0161229 1.40146e-09 0.0928374
80000 50 0.0339192 1271 0.0161229 1.40146e-09 0.108841
80000 50 0.0544935 1271 0.0161229 1.40146e-09 0.129664
80000 50 0.0829245 1271 0.0161229 1.40146e-09 0.159003
80000 50 0.0856101 1271 0.0161229 1.40146e-09 0.162451
80000 50 0.198855 1271 0.0161229 1.40146e-09 0.276656
80000 100 0.0368193 2627 0.0145712 1.26191e-09 0.180483
80000 100 0.0703482 2627 0.0145712 1.26191e-09 0.213541
80000 100 0.111737 2627 0.0145712 1.26191e-09 0.256051
80000 100 0.168053 2627 0.0145712 1.26191e-09 0.311325
80000 100 0.173268 2627 0.0145712 1.26191e-09 0.318745
80000 100 0.447028 2627 0.0145712 1.26191e-09 0.593603
80000 200 0.0832882 5377 0.0132127 1.16409e-09 0.37027
80000 200 0.154842 5377 0.0132127 1.16409e-09 0.43582
80000 200 0.229198 5377 0.0132127 1.16409e-09 0.511926
80000 200 0.338747 5377 0.0132127 1.16409e-09 0.624705
80000 200 0.360826 5377 0.0132127 1.16409e-09 0.642955
80000 200 0.834588 5377 0.0132127 1.16409e-09 1.12068
80000 500 0.279132 14172 0.0125702 1.09676e-09 0.981824
80000 500 0.459033 14172 0.0125702 1.09676e-09 1.16236
80000 500 0.632794 14172 0.0125702 1.09676e-09 1.33527
80000 500 0.908751 14172 0.0125702 1.09676e-09 1.61063
80000 500 0.944392 14172 0.0125702 1.09676e-09 1.64912
80000 500 2.18108 14172 0.0125702 1.09676e-09 2.88697
80000 750 0.499461 21649 0.0124298 1.01936e-09 1.53753
80000 750 0.73943 21649 0.0124298 1.01936e-09 1.79294
80000 750 0.978176 21649 0.0124298 1.01936e-09 2.01587
80000 750 1.36372 21649 0.0124298 1.01936e-09 2.41901
80000 750 1.47042 21649 0.0124298 1.01936e-09 2.53871
80000 750 3.69879 21649 0.0124298 1.01936e-09 4.76608
80000 1000 0.783828 29303 0.0118306 1.05181e-09 2.18708
80000 1000 1.01961 29303 0.0118306 1.05181e-09 2.42743
80000 1000 1.34427 29303 0.0118306 1.05181e-09 2.76225
80000 1000 1.84848 29303 0.0118306 1.05181e-09 3.26869
80000 1000 1.93137 29303 0.0118306 1.05181e-09 3.33614
80000 1000 4.46175 29303 0.0118306 1.05181e-09 5.86661
80000 2000 2.43988 62350 0.0107983 9.74189e-10 5.26457
80000 2000 2.63729 62350 0.0107983 9.74189e-10 5.44792
80000 2000 3.13058 62350 0.0107983 9.74189e-10 5.93829
80000 2000 4.00598 62350 0.0107983 9.74189e-10 6.81607
80000 2000 4.06792 62350 0.0107983 9.74189e-10 6.88223
80000 2000 9.60692 62350 0.0107983 9.74189e-10 12.4496
80000 4000 8.53262 134896 0.0105279 1.02759e-09 14.0615
80000 4000 8.92378 134896 0.0105279 1.02759e-09 14.5356
80000 4000 7.63166 134896 0.0105279 1.02759e-09 13.2466
80000 4000 9.38121 134896 0.0105279 1.02759e-09 14.9926
80000 4000 9.41777 134896 0.0105279 1.02759e-09 15.0329
80000 4000 22.4768 134896 0.0105279 1.02759e-09 28.1596
80000 10000 61.1143 459214 0.00778634 1.13627e-09 75.8618
80000 10000 44.9859 459214 0.00778634 1.13627e-09 58.8496
80000 10000 38.1206 459214 0.00778634 1.13627e-09 52.3784
80000 10000 38.3923 459214 0.00778634 1.13627e-09 52.4398
80000 10000 35.5776 459214 0.00778634 1.13627e-09 49.6285
80000 10000 70.0575 459214 0.00778634 1.13627e-09 84.175
80000 20000 425.208 1715635 0.00493812 1.70658e-09 453.426
80000 20000 270.869 1715635 0.00493812 1.70658e-09 298.745
80000 20000 197.357 1715635 0.00493812 1.70658e-09 225.461
80000 20000 182.569 1715635 0.00493812 1.70658e-09 210.598
80000 20000 156.965 1715635 0.00493812 1.70658e-09 185.374
80000 20000 272.633 1715635 0.00493812 1.70658e-09 300.607
160000 50 0.0178504 1252 0.0365662 1.55772e-09 0.164838
160000 50 0.0338729 1252 0.0365662 1.55772e-09 0.17772
160000 50 0.0550719 1252 0.0365662 1.55772e-09 0.201928
160000 50 0.0824702 1252 0.0365662 1.55772e-09 0.227442
160000 50 0.0837622 1252 0.0365662 1.55772e-09 0.230573
160000 50 0.19575 1252 0.0365662 1.55772e-09 0.340789
160000 100 0.0399062 2637 0.0255795 1.11375e-09 0.321136
160000 100 0.0714542 2637 0.0255795 1.11375e-09 0.352372
160000 100 0.113946 2637 0.0255795 1.11375e-09 0.398241
160000 100 0.167598 2637 0.0255795 1.11375e-09 0.447781
160000 100 0.17326 2637 0.0255795 1.11375e-09 0.456793
160000 100 0.44461 2637 0.0255795 1.11375e-09 0.727694
160000 200 0.0885445 5409 0.0237066 9.78544e-10 0.650507
160000 200 0.15984 5409 0.0237066 9.78544e-10 0.728381
160000 200 0.234588 5409 0.0237066 9.78544e-10 0.796792
160000 200 0.352393 5409 0.0237066 9.78544e-10 0.907105
160000 200 0.363406 5409 0.0237066 9.78544e-10 0.926925
160000 200 0.837459 5409 0.0237066 9.78544e-10 1.42491
160000 500 0.288206 14101 0.0256375 1.11693e-09 1.6894
160000 500 0.455382 14101 0.0256375 1.11693e-09 1.85907
160000 500 0.628142 14101 0.0256375 1.11693e-09 2.03089
160000 500 0.89313 14101 0.0256375 1.11693e-09 2.29657
160000 500 0.941743 14101 0.0256375 1.11693e-09 2.32145
160000 500 2.19817 14101 0.0256375 1.11693e-09 3.60405
160000 750 0.515591 21400 0.0273828 1.19054e-09 2.6428
160000 750 0.75641 21400 0.0273828 1.19054e-09 2.88528
160000 750 0.989529 21400 0.0273828 1.19054e-09 3.09312
160000 750 1.32917 21400 0.0273828 1.19054e-09 3.42982
160000 750 1.43874 21400 0.0273828 1.19054e-09 3.50987
160000 750 3.62744 21400 0.0273828 1.19054e-09 5.75393
160000 1000 0.807402 29216 0.0253517 1.10172e-09 3.57183
160000 1000 1.03003 29216 0.0253517 1.10172e-09 3.84653
160000 1000 1.35151 29216 0.0253517 1.10172e-09 4.16462
160000 1000 1.86069 29216 0.0253517 1.10172e-09 4.69886
160000 1000 1.92148 29216 0.0253517 1.10172e-09 4.70993
160000 1000 4.53424 29216 0.0253517 1.10172e-09 7.37679
160000 2000 2.43617 60487 0.0252402 1.04672e-09 8.04952
160000 2000 2.56574 60487 0.0252402 1.04672e-09 8.17771
160000 2000 3.12701 60487 0.0252402 1.04672e-09 8.73975
160000 2000 3.99692 60487 0.0252402 1.04672e-09 9.61431
160000 2000 3.97167 60487 0.0252402 1.04672e-09 9.57835
160000 2000 9.3655 60487 0.0252402 1.04672e-09 14.9956
160000 4000 8.19896 127419 0.0237823 1.05551e-09 19.5728
160000 4000 8.49827 127419 0.0237823 1.05551e-09 19.8323
160000 4000 7.2909 127419 0.0237823 1.05551e-09 18.3591
160000 4000 8.91347 127419 0.0237823 1.05551e-09 20.1846
160000 4000 8.71987 127419 0.0237823 1.05551e-09 20.1089
160000 4000 19.3159 127419 0.0237823 1.05551e-09 30.6341
160000 10000 48.0565 359266 0.0210137 1.05102e-09 76.1036
160000 10000 35.1429 359266 0.0210137 1.05102e-09 62.8502
160000 10000 30.4648 359266 0.0210137 1.05102e-09 58.5135
160000 10000 30.2571 359266 0.0210137 1.05102e-09 59.1911
160000 10000 27.9608 359266 0.0210137 1.05102e-09 55.9242
160000 10000 54.7807 359266 0.0210137 1.05102e-09 82.8471
160000 20000 234.685 941959 0.0147388 1.0217e-09 290.491
160000 20000 149.228 941959 0.0147388 1.0217e-09 205.188
160000 20000 109.292 941959 0.0147388 1.0217e-09 165.226
160000 20000 99.3945 941959 0.0147388 1.0217e-09 155.572
160000 20000 85.5789 941959 0.0147388 1.0217e-09 141.913
160000 20000 149.331 941959 0.0147388 1.0217e-09 205.345
