2000 50 0.00172517 1262 0.000581068 2.03938e-09 0.003585
2000 50 0.00809204 1262 0.000581068 2.03938e-09 0.00993912
2000 50 0.00246405 929 0.000504546 1.97081e-09 0.00431738
2000 50 0.0170551 929 0.000504546 1.97081e-09 0.0189029
2000 50 0.00435693 842 0.000388104 1.76694e-09 0.00624521
2000 50 0.0277607 842 0.000388104 1.76694e-09 0.0296799
2000 50 0.008364 822 0.000770105 3.76122e-09 0.0103078
2000 50 0.0514876 822 0.000770105 3.76122e-09 0.0536357
2000 50 0.0161564 795 0.00112352 5.41687e-09 0.0181961
2000 50 0.0692755 795 0.00112352 5.41687e-09 0.0715696
2000 50 0.0622991 771 0.00168156 8.11106e-09 0.0650153
2000 50 0.22941 771 0.00168156 8.11106e-09 0.233251
2000 100 0.00633579 2808 0.000311962 1.08638e-09 0.00996267
2000 100 0.019263 2808 0.000311962 1.08638e-09 0.0227054
2000 100 0.00979033 2236 0.000286869 1.40482e-09 0.0133713
2000 100 0.0471766 2236 0.000286869 1.40482e-09 0.0507157
2000 100 0.0175803 2081 0.000450955 2.64223e-09 0.0212546
2000 100 0.0826645 2081 0.000450955 2.64223e-09 0.0865365
2000 100 0.0330044 1985 0.000691711 4.23337e-09 0.0366812
2000 100 0.140621 1985 0.000691711 4.23337e-09 0.144583
2000 100 0.0648115 1962 0.000871434 5.36684e-09 0.0685978
2000 100 0.189951 1962 0.000871434 5.36684e-09 0.194102
2000 100 0.251095 1913 0.00129004 7.74183e-09 0.255534
2000 100 0.598648 1913 0.00129004 7.74183e-09 0.604352
2000 200 0.0281609 7102 0.000313931 1.45793e-09 0.035704
2000 200 0.0572302 7102 0.000313931 1.45793e-09 0.064768
2000 200 0.0465922 6159 0.000405203 3.292e-09 0.0540411
2000 200 0.13837 6159 0.000405203 3.292e-09 0.145974
2000 200 0.0870419 5877 0.000629707 5.66814e-09 0.0945352
2000 200 0.282281 5877 0.000629707 5.66814e-09 0.289314
2000 200 0.169202 5776 0.000897218 8.23891e-09 0.176826
2000 200 0.495735 5776 0.000897218 8.23891e-09 0.502928
2000 200 0.336026 5771 0.00095957 8.94033e-09 0.343735
2000 200 0.645724 5771 0.00095957 8.94033e-09 0.653674
2000 200 1.31801 5676 0.00104327 9.7168e-09 1.32629
2000 200 1.86356 5676 0.00104327 9.7168e-09 1.87235
2000 500 0.314741 36647 0.000196104 2.96962e-09 0.333835
2000 500 0.419567 36647 0.000196104 2.96962e-09 0.439076
2000 500 0.580911 34863 0.000284416 5.60011e-09 0.60006
2000 500 1.44926 34863 0.000284416 5.60011e-09 1.46846
2000 500 1.11597 34035 0.000339541 6.84919e-09 1.13527
2000 500 2.46831 34035 0.000339541 6.84919e-09 2.4878
2000 500 2.19833 33925 0.000410549 8.38349e-09 2.21777
2000 500 4.10513 33925 0.000410549 8.38349e-09 4.12271
2000 500 4.37463 33850 0.000445465 9.1287e-09 4.39389
2000 500 5.12027 33850 0.000445465 9.1287e-09 5.13994
2000 500 17.3296 33674 0.000479318 9.85239e-09 17.35
2000 500 12.381 33674 0.000479318 9.85239e-09 12.4003
2000 750 1.31114 105577 7.01441e-05 1.68747e-09 1.34086
2000 750 1.51185 105577 7.01441e-05 1.68747e-09 1.53786
2000 750 2.39381 99023 0.000105003 3.78033e-09 2.42301
2000 750 5.51602 99023 0.000105003 3.78033e-09 5.54585
2000 750 4.62677 97193 0.00011845 4.44591e-09 4.6564
2000 750 8.95678 97193 0.00011845 4.44591e-09 8.98649
2000 750 9.06795 96096 0.000158293 6.1541e-09 9.09735
2000 750 14.339 96096 0.000158293 6.1541e-09 14.3654
2000 750 17.9178 95249 0.000188941 7.41754e-09 17.9478
2000 750 17.1595 95249 0.000188941 7.41754e-09 17.1862
2000 750 70.713 94079 0.000235359 9.25219e-09 70.7435
2000 750 39.6953 94079 0.000235359 9.25219e-09 39.7267
4000 50 0.00192858 1292 0.00155491 2.28207e-09 0.00605648
4000 50 0.0084585 1292 0.00155491 2.28207e-09 0.0124997
4000 50 0.00251054 870 0.00122089 2.23777e-09 0.00619208
4000 50 0.0152335 870 0.00122089 2.23777e-09 0.0188977
4000 50 0.00447778 788 0.00163502 3.46718e-09 0.00814562
4000 50 0.0261263 788 0.00163502 3.46718e-09 0.0300047
4000 50 0.00827429 739 0.00166134 3.61059e-09 0.0123343
4000 50 0.0465485 739 0.00166134 3.61059e-09 0.0504688
4000 50 0.0159519 716 0.00230531 5.07007e-09 0.0197199
4000 50 0.0607332 716 0.00230531 5.07007e-09 0.0649388
4000 50 0.0608897 689 0.00361706 7.88835e-09 0.0653625
4000 50 0.203729 689 0.00361706 7.88835e-09 0.209433
4000 100 0.00654887 2736 0.000528358 9.6204e-10 0.0141215
4000 100 0.0191779 2736 0.000528358 9.6204e-10 0.0267839
4000 100 0.00905819 1952 0.000801494 1.6999e-09 0.0164509
4000 100 0.0413776 1952 0.000801494 1.6999e-09 0.0490007
4000 100 0.0161782 1799 0.000932715 2.30338e-09 0.0236563
4000 100 0.0710189 1799 0.000932715 2.30338e-09 0.0787071
4000 100 0.029872 1688 0.00150355 3.81803e-09 0.0376266
4000 100 0.121375 1688 0.00150355 3.81803e-09 0.129122
4000 100 0.0578055 1641 0.00170195 4.30434e-09 0.0654682
4000 100 0.15759 1641 0.00170195 4.30434e-09 0.165771
4000 100 0.223283 1602 0.00337912 8.60056e-09 0.231657
4000 100 0.502665 1602 0.00337912 8.60056e-09 0.51223
4000 200 0.0247932 6060 0.000576789 9.8341e-10 0.0403489
4000 200 0.0499158 6060 0.000576789 9.8341e-10 0.0635219
4000 200 0.0368833 4712 0.000548049 1.40125e-09 0.0522164
4000 200 0.108657 4712 0.000548049 1.40125e-09 0.124296
4000 200 0.0685102 4485 0.000570673 1.68396e-09 0.0842209
4000 200 0.211863 4485 0.000570673 1.68396e-09 0.227684
4000 200 0.128384 4273 0.00134716 4.299e-09 0.144019
4000 200 0.366036 4273 0.00134716 4.299e-09 0.379983
4000 200 0.248999 4164 0.00180159 5.73593e-09 0.264603
4000 200 0.460066 4164 0.00180159 5.73593e-09 0.475744
4000 200 0.967663 4061 0.00268268 8.46861e-09 0.984109
4000 200 1.32573 4061 0.00268268 8.46861e-09 1.34293
4000 500 0.176371 20078 0.000483594 1.5393e-09 0.214633
4000 500 0.233932 20078 0.000483594 1.5393e-09 0.272415
4000 500 0.313587 18402 0.00056354 2.55129e-09 0.351948
4000 500 0.719251 18402 0.00056354 2.55129e-09 0.75388
4000 500 0.596242 17781 0.00101761 5.0927e-09 0.634989
4000 500 1.25506 17781 0.00101761 5.0927e-09 1.28989
4000 500 1.16404 17404 0.00116844 5.88653e-09 1.20313
4000 500 2.12987 17404 0.00116844 5.88653e-09 2.16451
4000 500 2.27141 17137 0.00147018 7.42553e-09 2.30987
4000 500 2.45934 17137 0.00147018 7.42553e-09 2.4941
4000 500 9.00276 17022 0.00181388 9.26171e-09 9.04185
4000 500 6.42852 17022 0.00181388 9.26171e-09 6.46511
4000 750 0.533445 42124 0.000317543 1.25662e-09 0.590545
4000 750 0.618589 42124 0.000317543 1.25662e-09 0.675315
4000 750 0.957873 38854 0.000457041 3.0322e-09 1.01492
4000 750 2.08185 38854 0.000457041 3.0322e-09 2.13434
4000 750 1.84322 37964 0.000589936 4.22782e-09 1.90024
4000 750 3.43292 37964 0.000589936 4.22782e-09 3.49127
4000 750 3.59013 37245 0.000876457 6.44556e-09 3.64798
4000 750 5.51093 37245 0.000876457 6.44556e-09 5.56876
4000 750 7.07467 36725 0.00107676 7.91343e-09 7.13232
4000 750 6.5022 36725 0.00107676 7.91343e-09 6.55499
4000 750 28.0168 36416 0.00129109 9.51944e-09 28.0746
4000 750 15.0928 36416 0.00129109 9.51944e-09 15.1526
4000 1000 1.27184 76543 0.000426126 3.60285e-09 1.34635
4000 1000 1.35258 76543 0.000426126 3.60285e-09 1.42231
4000 1000 2.37048 73123 0.000462429 4.6372e-09 2.44557
4000 1000 4.67131 73123 0.000462429 4.6372e-09 4.74712
4000 1000 4.59692 71820 0.000671354 7.11593e-09 4.6719
4000 1000 7.77943 71820 0.000671354 7.11593e-09 7.85568
4000 1000 9.05632 71125 0.000784307 8.37013e-09 9.13151
4000 1000 12.2831 71125 0.000784307 8.37013e-09 12.3582
4000 1000 17.939 70576 0.00083995 9.02741e-09 18.0139
4000 1000 13.9815 70576 0.00083995 9.02741e-09 14.0581
4000 1000 71.4652 70535 0.000896384 9.70665e-09 71.542
4000 1000 33.5946 70535 0.000896384 9.70665e-09 33.6723
20000 50 0.00247288 1249 0.00326969 1.15311e-09 0.0220645
20000 50 0.0088125 1249 0.00326969 1.15311e-09 0.0282208
20000 50 0.00317247 836 0.00437848 1.53815e-09 0.0226129
20000 50 0.0155667 836 0.00437848 1.53815e-09 0.0349927
20000 50 0.0053115 720 0.0027595 9.76415e-10 0.0248854
20000 50 0.0244235 720 0.0027595 9.76415e-10 0.0417896
20000 50 0.00938807 660 0.00515475 1.87439e-09 0.0289411
20000 50 0.0407515 660 0.00515475 1.87439e-09 0.0608857
20000 50 0.0184334 642 0.00991874 3.7226e-09 0.0381103
20000 50 0.055679 642 0.00991874 3.7226e-09 0.0754662
20000 50 0.0696719 618 0.0192276 7.20374e-09 0.0899596
20000 50 0.183084 618 0.0192276 7.20374e-09 0.204621
20000 100 0.00751684 2641 0.00301499 1.0589e-09 0.0457082
20000 100 0.0199047 2641 0.00301499 1.0589e-09 0.0583098
20000 100 0.00985305 1779 0.00357802 1.23212e-09 0.0482385
20000 100 0.0382875 1779 0.00357802 1.23212e-09 0.0769726
20000 100 0.0164555 1521 0.00388841 1.47755e-09 0.0551031
20000 100 0.0606927 1521 0.00388841 1.47755e-09 0.0992739
20000 100 0.0302496 1415 0.00594212 2.35439e-09 0.0688723
20000 100 0.100852 1415 0.00594212 2.35439e-09 0.139119
20000 100 0.0586294 1369 0.0111399 4.4688e-09 0.0970172
20000 100 0.134169 1369 0.0111399 4.4688e-09 0.173338
20000 100 0.222991 1321 0.0185896 7.41079e-09 0.262142
20000 100 0.414413 1321 0.0185896 7.41079e-09 0.454837
20000 200 0.0257269 5428 0.00405998 1.43427e-09 0.100805
20000 200 0.0489672 5428 0.00405998 1.43427e-09 0.117624
20000 200 0.0340596 3730 0.00343076 1.16161e-09 0.108893
20000 200 0.0905258 3730 0.00343076 1.16161e-09 0.165327
20000 200 0.0585602 3283 0.00432529 1.72098e-09 0.133581
20000 200 0.151611 3283 0.00432529 1.72098e-09 0.22646
20000 200 0.109772 3098 0.00756685 3.20306e-09 0.18464
20000 200 0.265205 3098 0.00756685 3.20306e-09 0.334866
20000 200 0.213096 3030 0.0117161 5.08132e-09 0.287637
20000 200 0.333226 3030 0.0117161 5.08132e-09 0.408217
20000 200 0.831581 2947 0.0189101 8.23381e-09 0.90691
20000 200 0.978398 2947 0.0189101 8.23381e-09 1.05479
20000 500 0.148974 14829 0.00277895 1.0157e-09 0.326971
20000 500 0.191655 14829 0.00277895 1.0157e-09 0.372218
20000 500 0.210041 10684 0.00275911 1.18725e-09 0.391452
20000 500 0.452841 10684 0.00275911 1.18725e-09 0.628437
20000 500 0.374904 9659 0.00402843 1.93056e-09 0.550912
20000 500 0.670142 9659 0.00402843 1.93056e-09 0.846534
20000 500 0.725215 9266 0.00815607 4.16933e-09 0.904507
20000 500 1.09856 9266 0.00815607 4.16933e-09 1.27553
20000 500 1.41811 9057 0.0110308 5.654e-09 1.59889
20000 500 1.26566 9057 0.0110308 5.654e-09 1.44557
20000 500 5.43629 8856 0.0165942 8.54714e-09 5.61731
20000 500 3.33009 8856 0.0165942 8.54714e-09 3.50319
20000 750 0.330207 23069 0.00292886 1.11205e-09 0.599266
20000 750 0.379483 23069 0.00292886 1.11205e-09 0.639846
20000 750 0.487057 17448 0.00281085 1.37064e-09 0.750391
20000 750 0.985801 17448 0.00281085 1.37064e-09 1.25096
20000 750 0.892728 16123 0.00449697 2.46362e-09 1.16125
20000 750 1.44425 16123 0.00449697 2.46362e-09 1.71398
20000 750 1.69712 15472 0.00750945 4.28196e-09 1.96311
20000 750 2.25971 15472 0.00750945 4.28196e-09 2.52501
20000 750 3.40173 15194 0.0102699 5.90177e-09 3.6718
20000 750 2.62504 15194 0.0102699 5.90177e-09 2.88782
20000 750 13.0929 14991 0.0149833 8.67857e-09 13.36
20000 750 6.00107 14991 0.0149833 8.67857e-09 6.27373
20000 1000 0.592684 31889 0.00332904 1.2456e-09 0.950567
20000 1000 0.625015 31889 0.00332904 1.2456e-09 0.979158
20000 1000 0.916619 25181 0.00298061 1.60001e-09 1.27228
20000 1000 1.67973 25181 0.00298061 1.60001e-09 2.03324
20000 1000 1.70188 23659 0.00420564 2.55936e-09 2.05908
20000 1000 2.54041 23659 0.00420564 2.55936e-09 2.897
20000 1000 3.26546 22861 0.00757627 4.76912e-09 3.62009
20000 1000 3.7846 22861 0.00757627 4.76912e-09 4.14295
20000 1000 6.40444 22531 0.0100046 6.3643e-09 6.75942
20000 1000 4.36759 22531 0.0100046 6.3643e-09 4.72588
20000 1000 25.1827 22182 0.0138185 8.81229e-09 25.5408
20000 1000 10.0595 22182 0.0138185 8.81229e-09 10.4229
20000 2000 2.72208 77577 0.0024633 1.26378e-09 3.43718
20000 2000 2.52171 77577 0.0024633 1.26378e-09 3.23712
20000 2000 4.71623 68787 0.00361298 2.9863e-09 5.42756
20000 2000 7.38991 68787 0.00361298 2.9863e-09 8.10178
20000 2000 8.9927 66142 0.00551715 4.95682e-09 9.70356
20000 2000 10.4177 66142 0.00551715 4.95682e-09 11.1413
20000 2000 17.4495 64572 0.00723113 6.55653e-09 18.1606
20000 2000 14.4926 64572 0.00723113 6.55653e-09 15.2081
20000 2000 34.6669 64056 0.00889004 8.11415e-09 35.378
20000 2000 17.5259 64056 0.00889004 8.11415e-09 18.2378
20000 2000 136.902 63550 0.0102246 9.34966e-09 137.618
20000 2000 38.0683 63550 0.0102246 9.34966e-09 38.7694
20000 4000 17.7839 253087 0.00178905 1.90959e-09 19.206
20000 4000 14.479 253087 0.00178905 1.90959e-09 15.9002
20000 4000 31.9672 238443 0.0024311 3.62896e-09 33.3892
20000 4000 46.4124 238443 0.0024311 3.62896e-09 47.8474
20000 4000 61.1014 232544 0.00334848 5.34925e-09 62.5304
20000 4000 61.5804 232544 0.00334848 5.34925e-09 63.0036
20000 4000 118.399 228777 0.00454932 7.39747e-09 119.84
20000 4000 86.5332 228777 0.00454932 7.39747e-09 87.9578
20000 4000 234.316 227439 0.00517829 8.49595e-09 235.753
20000 4000 106.393 227439 0.00517829 8.49595e-09 107.83
20000 4000 938.362 225543 0.00580656 9.539e-09 939.762
20000 4000 227.507 225543 0.00580656 9.539e-09 228.934
40000 50 0.00282746 1266 0.0143324 2.43352e-09 0.0414777
40000 50 0.00930888 1266 0.0143324 2.43352e-09 0.0437054
40000 50 0.00375008 863 0.00723926 1.19481e-09 0.0425442
40000 50 0.0162738 863 0.00723926 1.19481e-09 0.055086
40000 50 0.00596152 705 0.00714495 1.21631e-09 0.0451323
40000 50 0.0232605 705 0.00714495 1.21631e-09 0.0579828
40000 50 0.0109383 663 0.0104697 1.86948e-09 0.0503299
40000 50 0.0414279 663 0.0104697 1.86948e-09 0.0813436
40000 50 0.0205563 630 0.021182 3.80096e-09 0.0593885
40000 50 0.0539768 630 0.021182 3.80096e-09 0.093344
40000 50 0.0773382 599 0.0397347 7.09603e-09 0.117358
40000 50 0.179416 599 0.0397347 7.09603e-09 0.220688
40000 100 0.00871729 2590 0.00647444 1.12671e-09 0.0828743
40000 100 0.0209148 2590 0.00647444 1.12671e-09 0.0949338
40000 100 0.0115599 1755 0.0076462 1.35752e-09 0.0869364
40000 100 0.0400917 1755 0.0076462 1.35752e-09 0.109545
40000 100 0.0191257 1510 0.00659573 1.18407e-09 0.093395
40000 100 0.0611596 1510 0.00659573 1.18407e-09 0.13532
40000 100 0.0342812 1381 0.0139179 2.6383e-09 0.108782
40000 100 0.0983882 1381 0.0139179 2.6383e-09 0.173126
40000 100 0.0653743 1330 0.0199386 3.77255e-09 0.138366
40000 100 0.129485 1330 0.0199386 3.77255e-09 0.204065
40000 100 0.248937 1283 0.0401451 7.63284e-09 0.324516
40000 100 0.402502 1283 0.0401451 7.63284e-09 0.479039
40000 200 0.0310123 5463 0.00708157 1.11674e-09 0.174157
40000 200 0.0525789 5463 0.00708157 1.11674e-09 0.195485
40000 200 0.0376489 3628 0.00589823 1.04932e-09 0.180281
40000 200 0.0921523 3628 0.00589823 1.04932e-09 0.23674
40000 200 0.0644449 3161 0.00780637 1.47645e-09 0.211082
40000 200 0.148429 3161 0.00780637 1.47645e-09 0.290678
40000 200 0.119286 2940 0.0141714 2.81093e-09 0.262943
40000 200 0.250444 2940 0.0141714 2.81093e-09 0.39272
40000 200 0.228497 2844 0.0216576 4.34025e-09 0.375094
40000 200 0.319895 2844 0.0216576 4.34025e-09 0.46031
40000 200 0.890852 2771 0.0407705 8.21968e-09 1.03625
40000 200 0.925898 2771 0.0407705 8.21968e-09 1.06778
40000 500 0.156001 14371 0.00777731 1.12535e-09 0.513553
40000 500 0.19764 14371 0.00777731 1.12535e-09 0.551386
40000 500 0.209212 9978 0.00630436 1.19114e-09 0.570715
40000 500 0.426028 9978 0.00630436 1.19114e-09 0.77941
40000 500 0.367699 8823 0.0101149 2.177e-09 0.722651
40000 500 0.605181 8823 0.0101149 2.177e-09 0.960176
40000 500 0.686761 8363 0.0179795 4.04109e-09 1.04015
40000 500 0.984969 8363 0.0179795 4.04109e-09 1.34085
40000 500 1.33684 8152 0.0279049 6.35111e-09 1.69219
40000 500 1.10316 8152 0.0279049 6.35111e-09 1.46123
40000 500 5.43918 8026 0.0382491 8.74358e-09 5.79654
40000 500 2.95982 8026 0.0382491 8.74358e-09 3.31796
40000 750 0.335551 22123 0.00605747 1.09467e-09 0.870737
40000 750 0.386101 22123 0.00605747 1.09467e-09 0.917213
40000 750 0.456217 15466 0.00564815 1.12156e-09 0.990863
40000 750 0.882312 15466 0.00564815 1.12156e-09 1.41439
40000 750 0.821091 14014 0.0076307 1.70385e-09 1.36278
40000 750 1.24175 14014 0.0076307 1.70385e-09 1.76962
40000 750 1.55645 13426 0.0165141 3.96006e-09 2.09102
40000 750 1.91164 13426 0.0165141 3.96006e-09 2.43574
40000 750 3.05895 13166 0.0262683 6.36824e-09 3.59139
40000 750 2.25904 13166 0.0262683 6.36824e-09 2.79131
40000 750 12.1341 12984 0.0363815 8.86089e-09 12.6617
40000 750 5.17443 12984 0.0363815 8.86089e-09 5.70887
40000 1000 0.591642 30259 0.00636767 1.08658e-09 1.30021
40000 1000 0.618628 30259 0.00636767 1.08658e-09 1.32931
40000 1000 0.832117 21857 0.00567783 1.22908e-09 1.55202
40000 1000 1.49242 21857 0.00567783 1.22908e-09 2.21084
40000 1000 1.5035 19964 0.00985019 2.44471e-09 2.21205
40000 1000 2.16196 19964 0.00985019 2.44471e-09 2.86818
40000 1000 2.87812 19188 0.0176276 4.52774e-09 3.59512
40000 1000 3.15295 19188 0.0176276 4.52774e-09 3.86358
40000 1000 5.56998 18799 0.0251288 6.5053e-09 6.28095
40000 1000 3.57808 18799 0.0251288 6.5053e-09 4.29128
40000 1000 22.2057 18556 0.0341458 8.87295e-09 22.9158
40000 1000 8.28216 18556 0.0341458 8.87295e-09 8.99437
40000 2000 2.37003 65317 0.00599591 1.03716e-09 3.79069
40000 2000 2.19914 65317 0.00599591 1.03716e-09 3.61736
40000 2000 3.63286 51485 0.00586032 1.56564e-09 5.04958
40000 2000 5.51606 51485 0.00586032 1.56564e-09 6.93918
40000 2000 6.77953 48623 0.00964847 2.99123e-09 8.19734
40000 2000 7.67806 48623 0.00964847 2.99123e-09 9.07723
40000 2000 13.1587 47361 0.0170577 5.50074e-09 14.59
40000 2000 10.6908 47361 0.0170577 5.50074e-09 12.11
40000 2000 25.8826 46638 0.0223352 7.24716e-09 27.305
40000 2000 12.7368 46638 0.0223352 7.24716e-09 14.1566
40000 2000 102.738 46137 0.0281772 9.16345e-09 104.137
40000 2000 27.855 46137 0.0281772 9.16345e-09 29.2781
40000 4000 11.2868 158966 0.00447232 1.10178e-09 14.1101
40000 4000 9.25009 158966 0.00447232 1.10178e-09 12.0994
40000 4000 19.1481 141018 0.00550002 2.20699e-09 21.9771
40000 4000 27.0467 141018 0.00550002 2.20699e-09 29.8937
40000 4000 36.198 136476 0.00977492 4.32783e-09 39.0237
40000 4000 37.0296 136476 0.00977492 4.32783e-09 39.857
40000 4000 70.4232 133731 0.0147041 6.71203e-09 73.2881
40000 4000 50.4567 133731 0.0147041 6.71203e-09 53.2871
40000 4000 138.904 132711 0.0176939 8.12171e-09 141.688
40000 4000 62.1378 132711 0.0176939 8.12171e-09 64.9455
40000 4000 551.473 131604 0.0206108 9.48826e-09 554.302
40000 4000 133.56 131604 0.0206108 9.48826e-09 136.416
40000 10000 142.208 836419 0.00254306 1.71342e-09 149.378
40000 10000 107.692 836419 0.00254306 1.71342e-09 114.762
40000 10000 258.708 796283 0.0036734 3.54288e-09 265.876
40000 10000 307.171 796283 0.0036734 3.54288e-09 314.191
40000 10000 491.462 779574 0.005209 5.38409e-09 498.634
40000 10000 453.663 779574 0.005209 5.38409e-09 460.848
40000 10000 965.099 769428 0.00673503 7.12845e-09 972.275
40000 10000 626.396 769428 0.00673503 7.12845e-09 633.482
40000 10000 1903.95 763161 0.0078941 8.39374e-09 1911.08
40000 10000 752.479 763161 0.0078941 8.39374e-09 759.559
40000 10000 7551 758217 0.00897421 9.56679e-09 7558.14
40000 10000 1727.24 758217 0.00897421 9.56679e-09 1734.33
80000 50 0.00372403 1271 0.0161229 1.40146e-09 0.0788083
80000 50 0.0102016 1271 0.0161229 1.40146e-09 0.0857807
80000 50 0.00467685 839 0.011933 1.04238e-09 0.0802226
80000 50 0.015932 839 0.011933 1.04238e-09 0.0920877
80000 50 0.0077971 730 0.0106925 9.3774e-10 0.0829045
80000 50 0.0248647 730 0.0106925 9.3774e-10 0.10102
80000 50 0.0135458 657 0.0196049 1.73132e-09 0.088994
80000 50 0.0409669 657 0.0196049 1.73132e-09 0.110854
80000 50 0.0250971 626 0.0377094 3.3115e-09 0.100188
80000 50 0.0532348 626 0.0377094 3.3115e-09 0.123389
80000 50 0.0923333 590 0.0749783 6.58378e-09 0.168964
80000 50 0.175374 590 0.0749783 6.58378e-09 0.253266
80000 100 0.0111029 2627 0.0145712 1.26191e-09 0.154194
80000 100 0.0232475 2627 0.0145712 1.26191e-09 0.165262
80000 100 0.0140594 1717 0.0153817 1.32102e-09 0.157976
80000 100 0.039631 1717 0.0153817 1.32102e-09 0.191396
80000 100 0.0231933 1479 0.0124686 1.0933e-09 0.167565
80000 100 0.0604465 1479 0.0124686 1.0933e-09 0.205398
80000 100 0.0417892 1358 0.0203083 1.84373e-09 0.18541
80000 100 0.097697 1358 0.0203083 1.84373e-09 0.241113
80000 100 0.0789033 1299 0.0461827 4.23616e-09 0.223099
80000 100 0.127469 1299 0.0461827 4.23616e-09 0.267102
80000 100 0.315051 1256 0.0826273 7.58397e-09 0.45947
80000 100 0.397335 1256 0.0826273 7.58397e-09 0.539542
80000 200 0.0325598 5377 0.0132127 1.16409e-09 0.317304
80000 200 0.054766 5377 0.0132127 1.16409e-09 0.336691
80000 200 0.0429535 3625 0.0124305 1.09575e-09 0.328637
80000 200 0.0935178 3625 0.0124305 1.09575e-09 0.379946
80000 200 0.0723674 3105 0.0153998 1.39662e-09 0.358744
80000 200 0.144914 3105 0.0153998 1.39662e-09 0.430299
80000 200 0.132005 2889 0.0271051 2.55473e-09 0.412143
80000 200 0.246783 2889 0.0271051 2.55473e-09 0.528659
80000 200 0.252598 2773 0.0495178 4.72356e-09 0.539516
80000 200 0.296247 2773 0.0495178 4.72356e-09 0.582097
80000 200 0.970321 2680 0.0848555 8.09678e-09 1.25492
80000 200 0.876559 2680 0.0848555 8.09678e-09 1.16175
80000 500 0.163639 14172 0.0125702 1.09676e-09 0.871933
80000 500 0.205855 14172 0.0125702 1.09676e-09 0.919327
80000 500 0.215185 9501 0.0119686 1.02013e-09 1.88187
80000 500 0.406593 9501 0.0119686 1.02013e-09 1.11482
80000 500 0.373225 8320 0.0145112 1.40853e-09 1.0813
80000 500 0.581756 8320 0.0145112 1.40853e-09 1.29073
80000 500 0.691346 7841 0.0327334 3.34466e-09 1.40972
80000 500 0.926329 7841 0.0327334 3.34466e-09 1.622
80000 500 1.3433 7609 0.0545803 5.6526e-09 2.04062
80000 500 1.04611 7609 0.0545803 5.6526e-09 1.75318
80000 500 5.31778 7445 0.0817899 8.49961e-09 6.02902
80000 500 2.73897 7445 0.0817899 8.49961e-09 3.45073
80000 750 0.345237 21649 0.0124298 1.01936e-09 1.40874
80000 750 0.390456 21649 0.0124298 1.01936e-09 1.45113
80000 750 0.46468 14887 0.0116538 1.04813e-09 1.52576
80000 750 0.852065 14887 0.0116538 1.04813e-09 1.92682
80000 750 0.81899 13010 0.0187745 1.9465e-09 1.86504
80000 750 1.15139 13010 0.0187745 1.9465e-09 2.21298
80000 750 1.51412 12309 0.0307045 3.2762e-09 2.58387
80000 750 1.7388 12309 0.0307045 3.2762e-09 2.79964
80000 750 2.96 12009 0.0538097 5.83212e-09 4.03081
80000 750 2.04032 12009 0.0538097 5.83212e-09 3.11575
80000 750 11.5949 11756 0.0798195 8.6808e-09 12.6574
80000 750 4.66258 11756 0.0798195 8.6808e-09 5.72457
80000 1000 0.596562 29303 0.0118306 1.05181e-09 2.0529
80000 1000 0.632965 29303 0.0118306 1.05181e-09 2.04823
80000 1000 0.818544 20362 0.0107055 9.91212e-10 2.23449
80000 1000 1.41437 20362 0.0107055 9.91212e-10 2.82953
80000 1000 1.44229 18039 0.0156837 1.65795e-09 2.83594
80000 1000 1.90894 18039 0.0156837 1.65795e-09 3.304
80000 1000 2.70955 17146 0.0300333 3.33297e-09 4.13388
80000 1000 2.79395 17146 0.0300333 3.33297e-09 4.20773
80000 1000 5.25384 16743 0.050454 5.68698e-09 6.67927
80000 1000 3.15863 16743 0.050454 5.68698e-09 4.57423
80000 1000 20.6102 16434 0.0768492 8.72742e-09 22.0265
80000 1000 7.35752 16434 0.0768492 8.72742e-09 8.77479
80000 2000 2.30012 62350 0.0107983 9.74189e-10 5.1216
80000 2000 2.15831 62350 0.0107983 9.74189e-10 5.0574
80000 2000 3.2583 44757 0.0107642 1.11106e-09 6.10972
80000 2000 4.87572 44757 0.0107642 1.11106e-09 7.70214
80000 2000 5.88925 40940 0.0179091 2.20395e-09 8.71361
80000 2000 6.35531 40940 0.0179091 2.20395e-09 9.19113
80000 2000 11.3108 39467 0.0329822 4.24319e-09 14.1666
80000 2000 8.93466 39467 0.0329822 4.24319e-09 11.7792
80000 2000 22.111 38658 0.0489483 6.35843e-09 25.0379
80000 2000 10.6483 38658 0.0489483 6.35843e-09 13.5148
80000 2000 86.4455 37972 0.0680562 8.85236e-09 89.3048
80000 2000 23.015 37972 0.0680562 8.85236e-09 25.8697
80000 4000 9.66773 134896 0.0105279 1.02759e-09 15.3884
80000 4000 7.85183 134896 0.0105279 1.02759e-09 13.558
80000 4000 14.5116 106104 0.0112048 1.4669e-09 20.1519
80000 4000 19.8488 106104 0.0112048 1.4669e-09 25.5634
80000 4000 26.9597 100333 0.0199369 3.09595e-09 32.5891
80000 4000 26.6729 100333 0.0199369 3.09595e-09 32.3784
80000 4000 51.8612 97378 0.0323971 5.18611e-09 57.5474
80000 4000 36.5788 97378 0.0323971 5.18611e-09 42.1807
80000 4000 102.333 95998 0.0428218 6.90059e-09 107.968
80000 4000 44.9101 95998 0.0428218 6.90059e-09 50.5752
80000 4000 401.494 94863 0.0560134 9.07129e-09 407.173
80000 4000 96.6831 94863 0.0560134 9.07129e-09 102.322
80000 10000 78.4199 459214 0.00778634 1.13627e-09 92.5681
80000 10000 59.5689 459214 0.00778634 1.13627e-09 73.7123
80000 10000 135.573 417049 0.0107 2.52577e-09 149.581
80000 10000 157.609 417049 0.0107 2.52577e-09 171.681
80000 10000 257.136 404367 0.0172166 4.37537e-09 271.261
80000 10000 235.22 404367 0.0172166 4.37537e-09 249.352
80000 10000 498.091 396728 0.0232035 6.10127e-09 512.37
80000 10000 322.89 396728 0.0232035 6.10127e-09 337.084
80000 10000 982.128 391981 0.0290621 7.6871e-09 996.395
80000 10000 389.729 391981 0.0290621 7.6871e-09 404.014
80000 10000 3909.39 388496 0.0351971 9.32995e-09 3923.59
80000 10000 883.777 388496 0.0351971 9.32995e-09 898.008
160000 50 0.00446919 1252 0.0365662 1.55772e-09 0.150764
160000 50 0.0115488 1252 0.0365662 1.55772e-09 0.153332
160000 50 0.00575206 825 0.0240264 1.04696e-09 0.152158
160000 50 0.0163558 825 0.0240264 1.04696e-09 0.162541
160000 50 0.00933657 698 0.024531 1.0601e-09 0.154777
160000 50 0.024371 698 0.024531 1.0601e-09 0.16591
160000 50 0.0167946 648 0.0441219 1.93904e-09 0.162128
160000 50 0.0409224 648 0.0441219 1.93904e-09 0.18316
160000 50 0.0315665 619 0.0677293 2.96869e-09 0.177531
160000 50 0.0546629 619 0.0677293 2.96869e-09 0.199922
160000 50 0.118933 595 0.153194 6.72813e-09 0.265888
160000 50 0.17679 595 0.153194 6.72813e-09 0.325232
160000 100 0.0124634 2637 0.0255795 1.11375e-09 0.299882
160000 100 0.0255166 2637 0.0255795 1.11375e-09 0.305766
160000 100 0.0163944 1748 0.0315833 1.31073e-09 0.298282
160000 100 0.0409422 1748 0.0315833 1.31073e-09 0.32483
160000 100 0.026723 1468 0.0275462 1.21567e-09 0.312161
160000 100 0.0606823 1468 0.0275462 1.21567e-09 0.340577
160000 100 0.0490271 1360 0.0446095 2.00913e-09 0.333142
160000 100 0.0989187 1360 0.0446095 2.00913e-09 0.3834
160000 100 0.0932394 1294 0.0844478 3.79809e-09 0.37157
160000 100 0.125409 1294 0.0844478 3.79809e-09 0.406545
160000 100 0.366493 1242 0.171729 7.71881e-09 0.649419
160000 100 0.389496 1242 0.171729 7.71881e-09 0.673881
160000 200 0.0365475 5409 0.0237066 9.78544e-10 0.605592
160000 200 0.0593108 5409 0.0237066 9.78544e-10 0.639607
160000 200 0.0475657 3616 0.0240391 1.03903e-09 0.610568
160000 200 0.0978362 3616 0.0240391 1.03903e-09 0.661507
160000 200 0.0791062 3066 0.0286903 1.26478e-09 0.641176
160000 200 0.145555 3066 0.0286903 1.26478e-09 0.717099
160000 200 0.150297 2831 0.0410647 1.85556e-09 0.71637
160000 200 0.23828 2831 0.0410647 1.85556e-09 0.801843
160000 200 0.277676 2704 0.088167 4.02782e-09 0.846726
160000 200 0.297448 2704 0.088167 4.02782e-09 0.863937
160000 200 1.07164 2611 0.167259 7.63239e-09 1.65516
160000 200 0.85626 2611 0.167259 7.63239e-09 1.41904
160000 500 0.176544 14101 0.0256375 1.11693e-09 1.61759
160000 500 0.216958 14101 0.0256375 1.11693e-09 1.69911
160000 500 0.232117 9435 0.0245574 1.07533e-09 1.65601
160000 500 0.405699 9435 0.0245574 1.07533e-09 1.81894
160000 500 0.397685 8135 0.028436 1.30104e-09 1.82929
160000 500 0.549944 8135 0.028436 1.30104e-09 1.97045
160000 500 0.727873 7538 0.0472242 2.23132e-09 2.15784
160000 500 0.865311 7538 0.0472242 2.23132e-09 2.2803
160000 500 1.43211 7255 0.0914143 4.37799e-09 2.85556
160000 500 0.971619 7255 0.0914143 4.37799e-09 2.40723
160000 500 5.46669 7052 0.166236 8.00206e-09 6.89943
160000 500 2.59065 7052 0.166236 8.00206e-09 4.00758
160000 750 0.364236 21400 0.0273828 1.19054e-09 2.47644
160000 750 0.411196 21400 0.0273828 1.19054e-09 2.52655
160000 750 0.482829 14414 0.0235507 1.05578e-09 2.59721
160000 750 0.823017 14414 0.0235507 1.05578e-09 2.93787
160000 750 0.828019 12452 0.0327163 1.54345e-09 2.96642
160000 750 1.05555 12452 0.0327163 1.54345e-09 3.20113
160000 750 1.53783 11698 0.0546137 2.67819e-09 3.67882
160000 750 1.62188 11698 0.0546137 2.67819e-09 3.73886
160000 750 2.9844 11301 0.0993723 4.93516e-09 5.11996
160000 750 1.91565 11301 0.0993723 4.93516e-09 4.00799
160000 750 11.682 11038 0.16668 8.31785e-09 13.7982
160000 750 4.33711 11038 0.16668 8.31785e-09 6.4551
160000 1000 0.62027 29216 0.0253517 1.10172e-09 3.47743
160000 1000 0.651632 29216 0.0253517 1.10172e-09 3.50835
160000 1000 0.824757 19637 0.0243582 1.10391e-09 3.67955
160000 1000 1.3515 19637 0.0243582 1.10391e-09 4.12731
160000 1000 1.40888 17068 0.029689 1.43079e-09 4.26506
160000 1000 1.78341 17068 0.029689 1.43079e-09 4.60167
160000 1000 2.66649 16033 0.0546627 2.76159e-09 5.48688
160000 1000 2.55393 16033 0.0546627 2.76159e-09 5.38369
160000 1000 5.13375 15576 0.0938937 4.79804e-09 7.95307
160000 1000 2.92577 15576 0.0938937 4.79804e-09 5.73766
160000 1000 20.2702 15180 0.159691 8.17479e-09 23.1128
160000 1000 6.66146 15180 0.159691 8.17479e-09 9.48037
160000 2000 2.29708 60487 0.0252402 1.04672e-09 8.01203
160000 2000 2.1542 60487 0.0252402 1.04672e-09 7.72368
160000 2000 3.14081 41835 0.0215288 9.27906e-10 8.79666
160000 2000 4.41454 41835 0.0215288 9.27906e-10 10.0643
160000 2000 5.46203 36948 0.0317792 1.63084e-09 11.193
160000 2000 5.67574 36948 0.0317792 1.63084e-09 11.4036
160000 2000 10.2972 35121 0.0605763 3.36177e-09 16.0206
160000 2000 7.87648 35121 0.0605763 3.36177e-09 13.576
160000 2000 19.9628 34274 0.101053 5.69065e-09 25.6648
160000 2000 9.47013 34274 0.101053 5.69065e-09 15.1087
160000 2000 78.2046 33597 0.151581 8.56109e-09 83.8939
160000 2000 20.5531 33597 0.151581 8.56109e-09 26.1866
160000 4000 9.19226 127419 0.0237823 1.05551e-09 20.4488
160000 4000 7.60108 127419 0.0237823 1.05551e-09 18.8826
160000 4000 12.6768 91834 0.0210522 1.09025e-09 23.96
160000 4000 16.5383 91834 0.0210522 1.09025e-09 27.7853
160000 4000 22.7357 83687 0.0356661 2.19518e-09 34.1177
160000 4000 22 83687 0.0356661 2.19518e-09 33.2494
160000 4000 43.5728 80701 0.0645464 4.14609e-09 55.0841
160000 4000 30.3195 80701 0.0645464 4.14609e-09 41.7336
160000 4000 85.2316 79117 0.0947825 6.15713e-09 96.5715
160000 4000 37.2835 79117 0.0947825 6.15713e-09 48.5361
160000 4000 333.136 77907 0.134316 8.75397e-09 344.382
160000 4000 79.8724 77907 0.134316 8.75397e-09 91.277
160000 10000 61.4297 359266 0.0210137 1.05102e-09 89.4731
160000 10000 47.0257 359266 0.0210137 1.05102e-09 75.3575
160000 10000 96.3573 294320 0.0202746 1.47519e-09 125.532
160000 10000 113.386 294320 0.0202746 1.47519e-09 141.573
160000 10000 178.715 279823 0.0352276 2.98253e-09 206.899
160000 10000 160.702 279823 0.0352276 2.98253e-09 188.861
160000 10000 346.536 272997 0.054678 4.77854e-09 374.754
160000 10000 222.428 272997 0.054678 4.77854e-09 250.511
160000 10000 676.969 269072 0.0745078 6.5701e-09 705.094
160000 10000 268.994 269072 0.0745078 6.5701e-09 297.249
160000 10000 2766.18 265364 0.100632 8.89516e-09 2794.83
160000 10000 605.664 265364 0.100632 8.89516e-09 635.313