2000 50 0.00176184 1262 0.000581068 2.03938e-09 0.00356901
2000 50 0.00168544 657 0.000492705 1.6944e-09 0.00350135
2000 50 0.00162064 330 0.000274547 1.00018e-09 0.00354244
2000 50 0.00162298 171 0.000516402 1.89329e-09 0.0036025
2000 50 0.00171033 149 0.000339249 1.03983e-09 0.00361439
2000 50 0.00169761 124 0.000194533 6.8116e-10 0.00359681
2000 100 0.00635851 2808 0.000311962 1.08638e-09 0.00981663
2000 100 0.00622053 1464 0.000301993 1.11521e-09 0.00977204
2000 100 0.00596699 733 0.000411605 1.65019e-09 0.00947171
2000 100 0.00596392 377 0.000392096 1.4592e-09 0.0094678
2000 100 0.00604398 309 0.000326776 1.28182e-09 0.00963288
2000 100 0.00598607 258 0.00034071 1.2927e-09 0.0102328
2000 200 0.0282642 7102 0.000313931 1.45793e-09 0.0356937
2000 200 0.0270097 3594 0.000279042 1.24097e-09 0.0345232
2000 200 0.0260146 1788 0.000269772 1.33358e-09 0.0336843
2000 200 0.0253213 897 0.000246634 1.14778e-09 0.0328482
2000 200 0.0259131 739 0.000453299 2.02153e-09 0.0333433
2000 200 0.0253264 607 0.000369748 1.7537e-09 0.0329949
2000 500 0.315209 36647 0.000196104 2.96962e-09 0.334202
2000 500 0.300585 18055 0.00014 1.66485e-09 0.319766
2000 500 0.29531 9098 0.000212118 3.10369e-09 0.314471
2000 500 0.297376 4645 0.000166966 1.36045e-09 0.316429
2000 500 0.294931 3708 0.000129246 1.57095e-09 0.314037
2000 500 0.29497 3099 0.000217175 3.21656e-09 0.314592
2000 750 1.31143 105577 7.01441e-05 1.68747e-09 1.34004
2000 750 1.26161 52325 6.55924e-05 1.70872e-09 1.28993
2000 750 1.2266 25993 0.000112686 3.41197e-09 1.25535
2000 750 1.27611 13699 6.60558e-05 1.47642e-09 1.30443
2000 750 1.24645 10739 4.90928e-05 7.79414e-10 1.27565
2000 750 1.25025 9008 7.19102e-05 1.90952e-09 1.27922
4000 50 0.00196492 1292 0.00155491 2.28207e-09 0.00554412
4000 50 0.00187518 664 0.000802481 1.37924e-09 0.00546646
4000 50 0.00176012 325 0.000910233 1.69198e-09 0.00558436
4000 50 0.00180054 172 0.00054766 9.24052e-10 0.00549957
4000 50 0.00179555 140 0.00121321 1.80892e-09 0.00555337
4000 50 0.00183407 121 0.000912932 1.49561e-09 0.00577582
4000 100 0.00665385 2736 0.000528358 9.6204e-10 0.0140295
4000 100 0.00618879 1381 0.00067612 1.22561e-09 0.013572
4000 100 0.00603173 695 0.000604584 1.08283e-09 0.0133378
4000 100 0.00610107 360 0.000644011 1.22772e-09 0.0135374
4000 100 0.00606845 291 0.000570949 1.06304e-09 0.0134351
4000 100 0.00621171 250 0.000703234 1.15183e-09 0.0135328
4000 200 0.025102 6060 0.000576789 9.8341e-10 0.0404438
4000 200 0.0232012 2990 0.000579684 1.05883e-09 0.0386941
4000 200 0.0227994 1511 0.00059027 1.12353e-09 0.0379853
4000 200 0.0225218 767 0.000641769 1.18868e-09 0.0380644
4000 200 0.0228299 627 0.00075102 1.20246e-09 0.0381965
4000 200 0.0230536 530 0.000608594 1.17041e-09 0.0384837
4000 500 0.176556 20078 0.000483594 1.5393e-09 0.214955
4000 500 0.174218 10270 0.000405321 1.05029e-09 0.211813
4000 500 0.170355 5127 0.000400821 9.74979e-10 0.208297
4000 500 0.169386 2584 0.000444732 1.22511e-09 0.207666
4000 500 0.170711 2096 0.000403505 1.03898e-09 0.208522
4000 500 0.171946 1765 0.000395885 1.01094e-09 0.2099
4000 750 0.53309 42124 0.000317543 1.25662e-09 0.589001
4000 750 0.513476 20907 0.000389796 1.6973e-09 0.569894
4000 750 0.50131 10389 0.000302352 1.22342e-09 0.555252
4000 750 0.493169 5191 0.000383915 1.70744e-09 0.547916
4000 750 0.504488 4257 0.000306081 1.25756e-09 0.560575
4000 750 0.504934 3567 0.000391902 1.01393e-09 0.558615
4000 1000 1.27104 76543 0.000426126 3.60285e-09 1.34504
4000 1000 1.24427 38501 0.000333189 2.50971e-09 1.31861
4000 1000 1.21843 19182 0.000283141 1.97151e-09 1.29059
4000 1000 1.20125 9552 0.000317791 2.05774e-09 1.27331
4000 1000 1.2281 7821 0.00027093 1.34937e-09 1.30267
4000 1000 1.23541 6604 0.000396066 2.7092e-09 1.30891
20000 50 0.00247531 1249 0.00326969 1.15311e-09 0.0218285
20000 50 0.0023892 644 0.00477631 1.70013e-09 0.0217232
20000 50 0.00230255 317 0.014838 4.99858e-09 0.0216005
20000 50 0.0022398 172 0.00430711 1.51601e-09 0.0212985
20000 50 0.00238745 140 0.00633271 1.89124e-09 0.0206775
20000 50 0.0024658 121 0.00406683 1.32505e-09 0.02099
20000 100 0.0076086 2641 0.00301499 1.0589e-09 0.0437031
20000 100 0.00745586 1322 0.00423447 1.48041e-09 0.0437214
20000 100 0.00709894 677 0.00272445 9.58063e-10 0.0435893
20000 100 0.00706523 349 0.00357165 1.15055e-09 0.0451899
20000 100 0.00712858 284 0.00576278 1.65095e-09 0.0451905
20000 100 0.00710234 240 0.0038967 1.29608e-09 0.0447283
20000 200 0.0256713 5428 0.00405998 1.43427e-09 0.0988192
20000 200 0.0250857 2775 0.00362026 1.17554e-09 0.0949239
20000 200 0.0249164 1399 0.00204787 7.23895e-10 0.0978321
20000 200 0.0247488 712 0.00285609 1.00961e-09 0.0987387
20000 200 0.0252883 583 0.00358233 1.28225e-09 0.0983915
20000 200 0.0251883 490 0.00346286 1.16224e-09 0.0983101
20000 500 0.148919 14829 0.00277895 1.0157e-09 0.32063
20000 500 0.143131 7318 0.00308554 1.08641e-09 0.318987
20000 500 0.140279 3655 0.00346553 1.25197e-09 0.31482
20000 500 0.141231 1867 0.00316264 1.14774e-09 0.317188
20000 500 0.143331 1526 0.00264915 9.73525e-10 0.314541
20000 500 0.144373 1279 0.00304173 9.96761e-10 0.315534
20000 750 0.330136 23069 0.00292886 1.11205e-09 0.587992
20000 750 0.323816 11545 0.002977 1.10286e-09 0.58411
20000 750 0.315917 5735 0.0030674 1.09667e-09 0.57736
20000 750 0.3189 2946 0.00280462 1.01206e-09 0.578733
20000 750 0.323192 2381 0.00297327 1.12734e-09 0.585244
20000 750 0.320647 1986 0.00304254 1.00798e-09 0.578456
20000 1000 0.606882 31889 0.00332904 1.2456e-09 0.951477
20000 1000 0.587783 16093 0.00252523 9.94416e-10 0.93594
20000 1000 0.579947 8078 0.00273941 1.05322e-09 0.926516
20000 1000 0.576733 4087 0.00278782 1.1072e-09 0.920616
20000 1000 0.582083 3292 0.00286295 1.12473e-09 0.927818
20000 1000 0.583027 2762 0.00277296 1.10457e-09 0.923939
20000 2000 2.71765 77577 0.0024633 1.26378e-09 3.41647
20000 2000 2.68466 39175 0.00211267 1.0207e-09 3.3737
20000 2000 2.65475 19570 0.00242697 1.07559e-09 3.35409
20000 2000 2.63516 9869 0.00239328 1.13345e-09 3.32735
20000 2000 2.67664 7974 0.00216722 1.07055e-09 3.37443
20000 2000 2.67253 6656 0.00234716 1.16451e-09 3.36307
20000 4000 17.8888 253087 0.00178905 1.90959e-09 19.2897
20000 4000 16.9706 126368 0.00141783 1.32593e-09 18.3503
20000 4000 16.7613 63993 0.00137282 1.24175e-09 18.1516
20000 4000 16.5512 31821 0.00137952 1.20721e-09 17.9401
20000 4000 16.4894 25554 0.0014197 1.33205e-09 17.8804
20000 4000 16.5812 21417 0.00162074 1.58029e-09 17.9973
40000 50 0.00290146 1266 0.0143324 2.43352e-09 0.0394438
40000 50 0.00274919 639 0.0104487 1.82429e-09 0.0392344
40000 50 0.00275604 327 0.0089522 1.44837e-09 0.0396786
40000 50 0.00273393 171 0.0115713 1.97095e-09 0.0392461
40000 50 0.00276565 139 0.0133446 2.18583e-09 0.0397978
40000 50 0.0028583 121 0.0057394 9.80887e-10 0.039752
40000 100 0.00877348 2590 0.00647444 1.12671e-09 0.0813446
40000 100 0.00853678 1316 0.0058276 9.91228e-10 0.0816855
40000 100 0.00840154 669 0.00648174 1.11045e-09 0.0822976
40000 100 0.0082369 339 0.00849309 1.4871e-09 0.082509
40000 100 0.00840593 280 0.00871021 1.41269e-09 0.0806431
40000 100 0.00835762 235 0.00685838 1.18277e-09 0.0823364
40000 200 0.0297699 5463 0.00708157 1.11674e-09 0.171974
40000 200 0.0288009 2722 0.00743339 1.25414e-09 0.170637
40000 200 0.0279954 1383 0.00606086 1.07336e-09 0.166066
40000 200 0.0282438 700 0.00699802 1.15198e-09 0.171482
40000 200 0.0280495 569 0.00773923 1.05905e-09 0.169044
40000 200 0.0286856 483 0.00927302 1.25202e-09 0.169172
40000 500 0.160599 14371 0.00777731 1.12535e-09 0.5068
40000 500 0.151435 7214 0.0060089 1.05685e-09 0.492147
40000 500 0.149147 3593 0.00683379 1.2319e-09 0.493569
40000 500 0.148949 1838 0.00741231 1.26514e-09 0.494974
40000 500 0.150263 1481 0.00637515 1.13216e-09 0.49524
40000 500 0.151294 1251 0.00804995 1.20149e-09 0.500329
40000 750 0.335489 22123 0.00605747 1.09467e-09 0.861492
40000 750 0.328474 11071 0.00579765 1.05041e-09 0.846406
40000 750 0.324179 5552 0.00646361 1.13993e-09 0.838899
40000 750 0.324573 2830 0.00589684 1.07565e-09 0.843003
40000 750 0.325714 2277 0.00540191 9.59841e-10 0.841352
40000 750 0.329143 1915 0.00617436 1.12294e-09 0.840111
40000 1000 0.590847 30259 0.00636767 1.08658e-09 1.27907
40000 1000 0.580521 15181 0.00572521 9.84321e-10 1.27183
40000 1000 0.572067 7620 0.00553803 9.80218e-10 1.25944
40000 1000 0.572322 3845 0.00575217 1.01873e-09 1.2668
40000 1000 0.58041 3115 0.00609701 1.07168e-09 1.27406
40000 1000 0.579182 2611 0.00562657 1.03983e-09 1.26022
40000 2000 2.36921 65317 0.00599591 1.03716e-09 3.75491
40000 2000 2.34801 33066 0.00534159 1.01339e-09 3.7402
40000 2000 2.31112 16517 0.00521528 9.96142e-10 3.69121
40000 2000 2.31833 8356 0.00535251 1.05766e-09 3.70553
40000 2000 2.33016 6741 0.0051741 1.02729e-09 3.72033
40000 2000 2.35136 5654 0.00529403 1.02075e-09 3.74739
40000 4000 11.3 158966 0.00447232 1.10178e-09 14.0945
40000 4000 10.9093 80255 0.00468309 1.1132e-09 13.6965
40000 4000 10.684 40189 0.00451141 1.11035e-09 13.4776
40000 4000 10.6182 20382 0.00454462 1.11892e-09 13.4146
40000 4000 10.7035 16241 0.00416482 9.88213e-10 13.5056
40000 4000 10.7483 13638 0.00580932 1.14482e-09 13.5147
40000 10000 143.225 836419 0.00254306 1.71342e-09 150.223
40000 10000 135.749 416164 0.00269116 1.88409e-09 142.737
40000 10000 133.775 209061 0.00269287 1.91364e-09 140.541
40000 10000 134.311 106083 0.00267712 1.57479e-09 141.364
40000 10000 133.155 84766 0.00218668 1.28862e-09 140.054
40000 10000 133.266 70706 0.00232462 1.47998e-09 140.271
80000 50 0.00374835 1271 0.0161229 1.40146e-09 0.0765067
80000 50 0.00364082 637 0.0146336 1.27768e-09 0.0791791
80000 50 0.0036308 322 0.0217015 1.86808e-09 0.076089
80000 50 0.00370747 175 0.0136624 1.17729e-09 0.0764901
80000 50 0.0036972 139 0.0157622 1.39159e-09 0.0772765
80000 50 0.0036638 116 0.0146874 1.13557e-09 0.0771561
80000 100 0.0112254 2627 0.0145712 1.26191e-09 0.148956
80000 100 0.0107665 1308 0.0111353 9.59307e-10 0.152392
80000 100 0.0107484 673 0.0176347 1.56477e-09 0.152499
80000 100 0.0105152 339 0.0140447 1.19536e-09 0.151487
80000 100 0.0106703 277 0.0200678 1.51364e-09 0.151553
80000 100 0.0108721 237 0.0127994 1.10135e-09 0.151411
80000 200 0.032927 5377 0.0132127 1.16409e-09 0.314726
80000 200 0.0322266 2727 0.0130843 1.15611e-09 0.311251
80000 200 0.0323936 1379 0.016055 1.2972e-09 0.31122
80000 200 0.0313964 700 0.0127148 1.07518e-09 0.308482
80000 200 0.0322501 565 0.0122931 1.04512e-09 0.310555
80000 200 0.0327814 480 0.0143829 1.09158e-09 0.31041
80000 500 0.16419 14172 0.0125702 1.09676e-09 0.858003
80000 500 0.159982 7092 0.0122671 1.08951e-09 0.851555
80000 500 0.159418 3595 0.0116565 1.00347e-09 0.883603
80000 500 0.159264 1822 0.0130495 1.03107e-09 0.865889
80000 500 0.161312 1463 0.0156224 1.21389e-09 0.858192
80000 500 0.159921 1231 0.0130112 1.13243e-09 0.854597
80000 750 0.346649 21649 0.0124298 1.01936e-09 1.39873
80000 750 0.34166 10829 0.0124144 1.10212e-09 1.38478
80000 750 0.340629 5491 0.0123994 1.09915e-09 1.39108
80000 750 0.339582 2765 0.0111891 9.9483e-10 1.38351
80000 750 0.343063 2257 0.0121374 9.63949e-10 1.38054
80000 750 0.341519 1875 0.0116963 9.42477e-10 1.38372
80000 1000 0.604305 29303 0.0118306 1.05181e-09 2.00699
80000 1000 0.590912 14724 0.0130163 1.145e-09 1.99597
80000 1000 0.588138 7448 0.0127346 1.1373e-09 1.97335
80000 1000 0.588355 3766 0.0126014 1.12195e-09 1.96902
80000 1000 0.590525 3028 0.0123581 1.0443e-09 1.97021
80000 1000 0.58808 2527 0.0129102 1.13443e-09 1.95825
80000 2000 2.31215 62350 0.0107983 9.74189e-10 5.10144
80000 2000 2.26631 31066 0.0113177 9.88017e-10 5.0702
80000 2000 2.24316 15633 0.0116353 1.04578e-09 4.98918
80000 2000 2.24092 7872 0.0130779 1.02546e-09 5.05574
80000 2000 2.26549 6359 0.0112664 1.02702e-09 5.16641
80000 2000 2.27078 5332 0.0109584 1.00741e-09 5.18027
80000 4000 9.69706 134896 0.0105279 1.02759e-09 15.2732
80000 4000 9.33158 67776 0.0108549 1.01292e-09 14.8567
80000 4000 9.20065 34088 0.0114341 9.66833e-10 14.7903
80000 4000 9.07709 17134 0.0104165 1.01058e-09 14.6779
80000 4000 9.14536 13787 0.010267 1.01423e-09 14.6755
80000 4000 9.25724 11549 0.0100698 9.84257e-10 14.8446
80000 10000 78.5481 459214 0.00778634 1.13627e-09 92.7019
80000 10000 75.2163 229101 0.0080464 1.19105e-09 89.2216
80000 10000 74.15 115114 0.00813281 1.22903e-09 88.135
80000 10000 74.0237 58221 0.00805664 1.14419e-09 88.0376
80000 10000 74.0547 46715 0.00871333 1.14511e-09 88.1316
80000 10000 73.8244 39012 0.00765338 1.09665e-09 87.7004
160000 50 0.00456197 1252 0.0365662 1.55772e-09 0.148005
160000 50 0.00470605 621 0.0351453 1.54519e-09 0.148839
160000 50 0.00476167 323 0.0390102 1.69972e-09 0.148485
160000 50 0.00486721 169 0.0419891 1.57308e-09 0.148402
160000 50 0.0048932 137 0.0304639 1.32118e-09 0.147861
160000 50 0.00488012 117 0.0330608 1.44312e-09 0.146804
160000 100 0.0125831 2637 0.0255795 1.11375e-09 0.29031
160000 100 0.0130735 1326 0.0355905 1.47382e-09 0.290394
160000 100 0.0127179 666 0.0298318 1.28456e-09 0.290515
160000 100 0.0132073 347 0.0322161 1.29623e-09 0.292071
160000 100 0.0132397 283 0.0384999 1.67729e-09 0.293881
160000 100 0.0133339 238 0.0249308 1.08549e-09 0.295359
160000 200 0.036679 5409 0.0237066 9.78544e-10 0.592222
160000 200 0.0364006 2711 0.0239724 1.03358e-09 0.590535
160000 200 0.0356668 1351 0.0287041 1.25694e-09 0.582913
160000 200 0.0369102 709 0.026756 1.17673e-09 0.587996
160000 200 0.0361815 561 0.0269529 1.0711e-09 0.587825
160000 200 0.036813 476 0.0242108 1.04187e-09 0.58652
160000 500 0.177449 14101 0.0256375 1.11693e-09 1.56757
160000 500 0.176383 7037 0.0277542 1.02298e-09 1.58694
160000 500 0.17216 3558 0.0261296 1.13633e-09 1.57623
160000 500 0.172797 1806 0.0226034 9.77637e-10 1.58299
160000 500 0.172951 1453 0.0254958 1.12044e-09 1.57454
160000 500 0.175215 1230 0.0287385 1.16302e-09 1.57132
160000 750 0.365466 21400 0.0273828 1.19054e-09 2.45066
160000 750 0.365839 10886 0.0243006 1.04596e-09 2.44839
160000 750 0.360047 5413 0.0252625 1.03456e-09 2.4742
160000 750 0.354842 2737 0.0257942 1.1237e-09 2.46241
160000 750 0.361309 2222 0.0243788 1.00774e-09 2.46609
160000 750 0.364954 1884 0.0299118 1.04712e-09 2.45763
160000 1000 0.626074 29216 0.0253517 1.10172e-09 3.40166
160000 1000 0.607724 14431 0.0231801 1.01675e-09 3.37977
160000 1000 0.603214 7281 0.0261319 1.15019e-09 3.37531
160000 1000 0.609587 3716 0.0247727 1.0785e-09 3.38221
160000 1000 0.612867 3001 0.0230088 1.02319e-09 3.42638
160000 1000 0.616643 2529 0.0266702 1.07159e-09 3.41914
160000 2000 2.29466 60487 0.0252402 1.04672e-09 7.91432
160000 2000 2.24852 30301 0.0238693 1.06542e-09 7.78707
160000 2000 2.25773 15313 0.025923 1.08687e-09 7.72775
160000 2000 2.24361 7690 0.0253047 1.04642e-09 7.78309
160000 2000 2.25561 6205 0.0289205 1.00763e-09 7.87481
160000 2000 2.27253 5207 0.0249249 9.60829e-10 7.89341
160000 4000 9.27314 127419 0.0237823 1.05551e-09 20.5889
160000 4000 8.8231 63452 0.0241894 1.10035e-09 20.0726
160000 4000 8.72487 31975 0.022393 1.01486e-09 20.0638
160000 4000 8.75282 16162 0.0220786 1.01515e-09 19.9424
160000 4000 8.8226 13064 0.0252653 1.15451e-09 20.1957
160000 4000 8.7925 10920 0.0232967 1.03654e-09 19.9628
160000 10000 61.6131 359266 0.0210137 1.05102e-09 90.1363
160000 10000 59.5185 180576 0.0195351 9.99976e-10 87.9613
160000 10000 58.8595 90879 0.0201274 1.01496e-09 86.8935
160000 10000 58.4642 45748 0.0197368 1.01744e-09 86.7685
160000 10000 58.9621 37009 0.0206502 1.04192e-09 87.4643
160000 10000 58.8384 30927 0.0215904 1.05995e-09 86.8432
