2000 50 1
1
2000 50 2
1.98023 1.97964
2000 50 4
3.91916 3.90925 3.91496 3.911
2000 50 8
7.7679 7.78244 7.80253 7.74832 7.7851 7.79683 7.78883 7.73362
2000 50 16
12.4038 13.946 13.1257 12.3855 13.5757 13.744 14.0886 13.829 13.0485 12.9189 13.7208 14.4249 13.5792 14.1588 13.2748 13.4135
2000 50 64
9.75917 12.1842 11.8904 11.5049 13.3391 14.6426 14.3045 14.131 10.4889 11.1013 11.0471 11.297 11.5019 12.5176 10.2004 11.1149 12.6203 12.5916 12.5183 12.8361 14.7137 11.6009 9.06857 11.9891 11.9964 15.3338 14.4389 15.5989 15.1359 12.2155 13.0377 13.2371 12.1458 12.7062 12.2634 13.5558 13.5502 13.4914 11.2923 13.3514 12.8314 13.7721 11.1519 12.726 13.9431 12.5133 12.3337 13.2669 14.0134 13.4245 12.0682 15.2498 12.3429 12.7024 12.442 13.0569 12.3972 11.1821 15.4893 13.7339 12.4333 13.4889 14.324 12.0411
2000 100 1
1
2000 100 2
1.99327 1.99301
2000 100 4
3.97537 3.97801 3.97395 3.97508
2000 100 8
7.96325 7.96276 7.96261 7.96179 7.95989 7.96499 7.96145 7.95862
2000 100 16
13.7559 15.4281 14.7108 13.0037 14.3047 13.7717 15.443 15.6985 14.5543 14.1679 14.5482 14.5333 14.1792 14.6047 15.4256 13.8034
2000 100 64
12.8793 15.3757 13.2201 13.5221 14.8268 15.6206 17.7046 17.183 13.3729 11.7682 14.4721 15.3872 13.698 12.4016 12.2345 12.591 15.072 13.9239 15.2325 13.1507 13.1241 13.0521 10.5075 13.0559 13.4212 18.2657 16.5302 17.3222 14.607 13.3486 14.3672 15.8589 13.8831 14.0524 11.5256 16.5655 15.5747 15.0995 12.8363 14.7738 12.621 15.1276 12.6126 15.1788 16.3667 15.4925 11.3816 16.1352 14.5173 15.8175 12.368 15.7303 16.2627 14.2206 14.32 12.5021 15.3915 13.3292 18.5569 16.1605 13.0592 14.4243 15.5945 12.7436
2000 200 1
1
2000 200 2
1.99802 1.99791
2000 200 4
3.99602 3.99622 3.99564 3.99582
2000 200 8
7.99931 7.99935 7.99946 7.99907 7.99891 7.99952 7.99935 7.9989
2000 200 16
13.933 15.9969 15.4791 13.8679 14.8938 14.3106 15.9969 15.9975 14.8592 14.7193 15.5672 15.1939 14.7072 14.9609 15.5295 14.1984
2000 200 64
13.4925 15.9057 14.1848 14.505 15.432 16.4738 16.8503 17.4066 16.4271 12.1252 16.0238 16.2807 15.1695 13.5358 14.9093 13.9488 16.636 15.6113 15.3783 13.9071 13.3957 12.2622 11.8534 14.7685 16.4917 18.2547 17.8355 19.4869 17.4072 15.9077 14.9106 16.1511 14.6446 15.2819 12.8692 18.6431 15.526 16.6458 13.6343 15.2365 16.3214 16.0137 12.1045 15.301 17.5141 15.4822 12.8927 17.4765 16.0234 16.1081 13.341 16.7233 15.9486 16.3778 16.0057 13.8932 16.9964 14.8948 17.5855 16.534 13.2845 15.1052 17.1414 12.8359
2000 500 1
1
2000 500 2
1.99986 1.99985
2000 500 4
4 4 4 4
2000 500 8
7.99956 7.99951 7.99949 7.9995 7.9994 7.99956 7.99953 7.99951
2000 500 16
14.417 15.9928 15.2233 14.4617 15.187 14.4399 15.9921 15.9923 14.6543 14.8458 15.9133 15.2258 14.832 15.4197 15.3125 14.5274
2000 500 64
13.3561 16.4811 15.4032 15.7438 17.1914 18.1883 17.9748 17.9532 16.29 12.7142 17.5394 15.4923 15.0097 15.1132 15.3367 15.0184 16.6313 16.3764 16.5071 14.8937 15.1937 12.1113 12.3712 17.2253 18.3451 18.1079 17.0973 20.5002 18.2195 17.7502 16.6821 16.6553 15.3954 14.0259 14.2571 17.9423 15.9095 17.2341 14.1872 16.0743 17.8892 16.9614 11.9219 15.5368 18.3076 16.0189 14.0668 18.1294 15.7992 16.6552 13.2096 16.8734 17.1634 16.1243 17.9409 14.3368 17.5927 16.3867 16.5916 16.4384 14.8948 15.5502 17.2767 14.0357
2000 750 1
1
2000 750 2
1.99999 1.99999
2000 750 4
3.99997 3.99997 3.99997 3.99997
2000 750 8
7.99933 7.99927 7.99922 7.99927 7.99913 7.99927 7.99928 7.99924
2000 750 16
14.5649 15.9917 15.5467 14.4675 15.2916 14.6298 15.9909 15.9917 14.6475 14.8881 15.8922 15.0473 15.0751 15.6479 15.5958 14.7586
2000 750 64
13.5695 16.9244 15.3609 16.4742 17.0455 18.6373 17.848 18.9321 16.2941 12.6795 18.4891 16.9339 15.2153 14.5316 15.5793 14.4657 16.3505 16.8257 17.0527 15.3083 15.3583 11.9936 11.9952 17.7779 18.5775 17.3681 17.2082 20.2776 18.9165 17.8726 16.5615 16.6367 15.1904 15.0449 14.7746 17.4648 16.4101 17.7945 13.594 16.1441 17.9797 17.2001 11.7904 15.088 17.4403 15.3664 14.4129 17.3725 15.9823 17.0613 13.647 17.3088 17.1182 16.6407 18.156 14.7274 17.3833 16.5791 17.6103 16.8978 15.2103 15.2096 17.5275 14.3678
4000 50 1
1
4000 50 2
1.9754 1.97574
4000 50 4
3.88369 3.88027 3.88022 3.88588
4000 50 8
7.63264 7.58892 7.61407 7.59663 7.62393 7.60802 7.62859 7.6293
4000 50 16
13.3479 13.0469 14.0751 14.1653 13.1312 14.2455 14.2447 13.5811 13.098 13.168 12.6835 12.5703 13.5873 13.6062 13.641 14.4042
4000 50 64
14.2859 14.9946 16.8769 19.2276 15.5468 16.4868 15.1503 14.144 17.537 16.3962 18.0777 15.6349 17.4659 19.4222 17.8197 16.3299 15.9391 16.1935 16.0004 16.138 17.2622 16.4184 18.4328 17.2905 17.1119 16.5185 17.5246 16.1205 15.2099 18.8271 17.6404 16.7667 17.4788 16.2117 13.246 16.8588 16.0931 15.8986 13.0762 15.7757 15.6601 15.4419 14.6307 13.9037 12.994 13.5626 16.1779 16.2164 16.1756 15.968 17.1553 16.6945 19.1856 14.4144 17.2001 15.9813 19.4588 17.5567 15.7124 15.2909 16.2026 14.2056 18.8535 17.289
4000 100 1
1
4000 100 2
1.99057 1.99039
4000 100 4
3.95992 3.95833 3.95888 3.96255
4000 100 8
7.88599 7.89811 7.87947 7.88465 7.89155 7.89859 7.89276 7.88634
4000 100 16
15.0333 14.1472 14.5836 15.8371 14.6719 14.906 14.9795 15.1841 13.9849 14.596 13.9618 13.941 14.4088 15.0129 14.4541 15.6983
4000 100 64
17.8374 16.4309 18.8784 22.9251 16.8699 22.7694 16.7614 15.3866 19.8165 17.0602 17.0017 16.8907 19.4282 22.6117 19.1277 19.8253 19.1786 18.8805 19.1192 17.453 18.3611 18.8497 20.8423 17.1754 19.6177 17.3984 19.8748 17.6154 19.7849 21.294 17.798 17.7833 19.6101 16.8045 14.888 17.5017 18.865 17.1216 15.1886 18.9237 16.4528 17.6022 17.2723 15.6929 14.8812 15.4355 18.5119 17.0437 18.5501 18.0802 17.8723 16.6208 21.2809 17.6085 19.0805 17.4911 19.3016 19.4083 17.5242 15.5785 17.9478 16.894 23.1081 18.4755
4000 200 1
1
4000 200 2
1.99659 1.99661
4000 200 4
3.98815 3.98749 3.98851 3.98816
4000 200 8
7.98143 7.9824 7.97967 7.98053 7.981 7.98432 7.98088 7.98229
4000 200 16
15.5667 15.067 15.23 15.996 15.1833 15.8322 15.4969 15.4521 14.8932 14.9685 14.9905 14.8525 15.0008 15.7182 15.4376 15.9961
4000 200 64
17.9758 17.598 20.2188 23.144 17.8523 24.1261 18.0247 17.6568 21.5391 17.759 16.7405 19.1194 21.547 23.6225 23.3844 19.8701 19.276 19.7911 20.2589 18.6594 21.5998 19.8454 22.3425 18.4892 20.6333 18.9887 19.804 19.2607 20.9879 20.8399 18.5749 17.999 21.7882 18.5901 15.8495 18.5558 20.4013 18.2906 15.6496 19.7941 18.0094 18.9588 19.3033 17.6242 15.8754 18.1529 21.5755 18.9654 19.8906 19.7027 18.7846 17.6751 24.7722 17.1273 19.8957 19.3801 22.1097 20.8204 17.694 17.3423 20.9691 17.9434 22.4764 19.9845
4000 500 1
1
4000 500 2
1.9994 1.99943
4000 500 4
3.99914 3.99912 3.99926 3.99916
4000 500 8
8 8 8 8 8 8 8 8
4000 500 16
15.998 15.2468 15.354 15.9979 15.1939 15.9981 15.7372 15.4429 15.245 15.0691 15.4777 15.0508 15.4528 15.9953 15.4451 15.998
4000 500 64
18.5799 19.0274 22.2528 23.1515 18.191 22.6534 19.4487 18.6892 21.5305 19.1926 17.1759 20.1773 22.7859 24.1856 25.5245 20.4519 18.2579 20.3418 20.5907 19 22.9185 19.3517 21.693 19.7457 20.2528 18.7211 21.0545 20.3563 21.7174 20.0179 19.0047 19.0859 22.5535 20.128 16.5616 18.5979 21.2383 18.3828 16.0246 20.6409 19.0234 19.3746 20.1595 19.9095 17.3737 18.1361 21.6568 19.7348 19.4507 20.9475 20.1752 18.8813 25.4848 16.942 20.1481 21.4298 21.258 21.2169 19.2794 16.7831 22.8237 18.9632 23.1063 19.903
4000 750 1
1
4000 750 2
1.99981 1.99981
4000 750 4
3.99994 3.99994 3.99994 3.99993
4000 750 8
7.99988 7.99987 7.99985 7.99987 7.99987 7.99988 7.99988 7.99988
4000 750 16
15.9971 15.43 15.4916 15.9969 15.2228 15.9831 15.9694 15.7144 15.2333 15.0955 15.399 15.3019 15.5701 15.9968 15.3661 15.9968
4000 750 64
18.7802 19.3116 22.7179 23.6114 18.1859 24.1287 19.4205 18.7982 21.4899 19.6321 17.2012 21.1001 22.5596 23.7953 26.2739 20.4033 18.787 19.9553 21.0956 18.6772 23.1315 19.0167 20.4661 19.9018 20.7722 19.1819 21.6183 20.843 21.7883 21.004 19.5276 19.5422 23.0984 20.1303 16.1755 18.6651 21.5895 18.3121 16.069 20.6558 19.4207 19.1712 19.3978 19.6303 17.9316 18.4786 22.285 20.0434 19.7573 21.1638 20.4463 19.2589 26.4001 17.185 20.6208 21.8879 20.9623 21.0618 18.9961 17.048 22.8772 18.9216 23.0119 19.7059
4000 1000 1
1
4000 1000 2
1.99993 1.99994
4000 1000 4
4 4 4 4
4000 1000 8
7.99979 7.99977 7.99974 7.99974 7.99977 7.99977 7.99979 7.99978
4000 1000 16
15.9966 15.4544 15.5657 15.9966 15.2731 15.9965 15.9963 15.6234 15.148 15.2261 15.4551 15.299 15.6642 15.9961 15.3987 15.9965
4000 1000 64
19.0375 19.5145 22.598 24.0233 18.2328 24.1598 19.1445 19.0381 21.7586 20.0298 17.2103 21.1693 22.5612 23.2406 26.863 20.3761 18.7778 20.2733 21.4561 18.7292 23.6315 19.165 20.4325 19.6368 20.8971 19.2158 22.0588 20.8653 20.8289 21.1 19.4606 19.2911 23.2693 19.6748 16.0733 18.7657 21.527 18.72 16.3801 20.8701 19.9359 19.2224 19.3944 20.0669 17.9246 18.2888 22.3783 20.3999 19.9239 21.3856 20.3245 19.9676 26.3872 17.5552 20.7785 22.7305 20.9534 20.8995 19.1535 17.2847 23.1184 18.8587 22.8538 19.751
20000 50 1
1
20000 50 2
1.96899 1.96913
20000 50 4
3.83446 3.83281 3.83788 3.83362
20000 50 8
7.34623 7.33321 7.33296 7.34952 7.33652 7.3442 7.32596 7.34369
20000 50 16
13.3628 13.4306 13.1326 13.3616 12.9505 13.1942 13.1589 13.3185 12.92 12.9882 12.7503 13.0464 13.5535 12.9723 13.0631 13.1541
20000 50 64
18.5978 18.6678 20.5114 18.443 20.6437 19.6272 18.0677 18.6248 16.797 18.4149 19.5163 19.1897 20.2043 19.4847 18.0875 18.7714 16.573 19.4498 18.037 18.0941 20.3098 19.6152 18.1719 16.9469 17.9117 19.7448 18.5717 17.9981 18.8409 18.9603 19.7472 18.3866 17.1899 18.0357 18.6679 18.449 19.9322 16.859 17.3283 18.8066 17.0521 17.8652 17.9349 18.4805 17.2884 19.2741 18.5842 17.4831 19.9846 20.7072 18.4054 18.3858 17.9746 19.9436 17.1015 18.1175 17.5734 18.5112 18.4103 18.9981 19.2864 17.3104 18.3875 18.4823
20000 100 1
1
20000 100 2
1.98565 1.98587
20000 100 4
3.92643 3.92657 3.92705 3.92472
20000 100 8
7.7177 7.71482 7.71329 7.71403 7.71897 7.71733 7.71692 7.71241
20000 100 16
14.9812 14.7889 14.4862 14.7858 14.5668 14.4365 14.3994 14.6605 14.2867 14.3874 14.1384 14.7259 15.0842 14.7352 14.4314 14.6036
20000 100 64
21.7055 21.2411 23.2256 22.34 22.1749 23.4362 20.1226 21.2767 19.6226 21.3202 21.7823 21.1141 23.4116 21.3466 21.3812 21.1164 19.2449 22.1582 21.6421 21.1821 22.17 21.2945 19.976 20.1026 20.14 21.429 20.8136 20.9342 21.9894 21.141 21.6482 21.1447 18.9873 20.05 22.562 20.9847 22.6173 18.956 20.9024 20.9827 19.9128 20.0257 20.0852 21.2389 21.1166 21.9656 21.3471 21.1937 23.0642 22.5266 21.71 21.6891 22.0161 23.4986 19.9438 20.9981 20.6876 21.1373 21.625 20.686 22.921 20.352 21.4895 20.5964
20000 200 1
1
20000 200 2
1.99372 1.99368
20000 200 4
3.96884 3.9689 3.96928 3.96877
20000 200 8
7.89252 7.89346 7.89078 7.89373 7.89409 7.88938 7.89115 7.89073
20000 200 16
15.7124 15.5897 15.5144 15.6441 15.2373 15.1136 15.1205 15.3858 15.0384 15.1931 14.8941 15.533 15.7113 15.4941 15.2826 15.4812
20000 200 64
23.1269 23.3096 25.331 23.204 24.4676 24.1034 21.9606 22.335 21.7391 23.4051 23.1936 23.4524 24.5826 23.337 22.6325 22.8702 20.4095 23.4087 22.9908 22.3867 23.7439 22.4062 20.9314 21.3698 21.9317 22.5985 21.863 22.0852 23.1382 22.0693 22.9178 22.8517 21.3213 21.261 23.5134 21.8288 23.9454 19.9724 22.3812 22.9203 20.3894 22.1537 21.3478 22.5773 22.7697 23.7276 22.0843 23.3105 25.6489 23.5458 23.2922 22.4518 23.2234 24.7572 21.7469 22.4006 22.1391 22.1243 23.5603 22.4655 24.8346 22.1056 22.7154 22.3415
20000 500 1
1
20000 500 2
1.99809 1.99811
20000 500 4
3.99188 3.99189 3.99189 3.99182
20000 500 8
7.9786 7.97868 7.97846 7.97913 7.97857 7.97879 7.9782 7.97868
20000 500 16
15.9695 15.9299 15.892 15.969 15.7638 15.5794 15.5075 15.6951 15.3627 15.6054 15.3684 15.972 15.9699 15.9694 15.8858 15.9696
20000 500 64
24.1045 23.8971 26.0402 23.266 24.8744 24.3657 22.9675 22.5556 22.9449 23.6474 23.7475 24.0224 25.391 24.3 23.0655 23.6178 21.0645 24.7431 24.7006 23.0795 24.3907 23.1962 21.9659 22.3436 22.4572 22.8795 22.6704 22.9915 23.1251 22.7852 23.5205 23.3209 20.9778 22.6503 23.8793 22.4335 24.6606 20.8114 22.8893 23.8515 21.1577 22.9813 22.5652 23.248 24.5654 24.6941 22.8451 24.2382 26.5177 24.6752 24.5389 23.1047 24.6478 25.4043 22.9706 23.344 22.9308 23.6156 24.8583 23.4653 25.8877 23.4667 23.5251 23.0991
20000 750 1
1
20000 750 2
1.99895 1.99894
20000 750 4
3.996 3.996 3.99598 3.99593
20000 750 8
7.99178 7.99175 7.9917 7.9921 7.99185 7.99167 7.99159 7.9918
20000 750 16
15.9947 15.9943 15.9668 15.9946 15.8591 15.757 15.5817 15.8038 15.447 15.7112 15.45 15.9948 15.9946 15.9948 15.8782 15.9945
20000 750 64
24.5177 24.2784 26.0739 23.2944 24.8406 24.9886 23.1955 22.5994 22.9421 24.1131 24.12 23.9033 25.3695 24.4554 23.1095 24.0807 21.0644 25.1159 24.7793 23.3923 24.8614 23.5814 22.4051 22.5971 22.6335 23.002 22.8385 23.0514 23.4362 23.2103 23.4458 23.5174 21.2777 22.9341 24.0907 22.3098 25.1003 20.9656 23.1386 23.954 21.4229 23.3171 22.6184 23.2707 24.6904 24.8425 22.7898 24.3867 26.341 24.6132 24.4002 23.0872 24.7208 25.6171 23.2292 23.5019 23.0824 23.4751 24.6702 23.3509 25.7561 23.1937 23.8361 23.1358
20000 1000 1
1
20000 1000 2
1.99932 1.99932
20000 1000 4
3.99772 3.99776 3.99772 3.99769
20000 1000 8
7.99655 7.99657 7.99656 7.99663 7.99654 7.99652 7.99642 7.9965
20000 1000 16
15.9995 15.9995 15.9996 15.9994 15.9126 15.831 15.6402 15.8418 15.4799 15.7126 15.4366 15.9995 15.9994 15.9994 15.9135 15.9995
20000 1000 64
24.6609 24.4046 25.9824 23.4503 24.9097 25.1778 22.8956 22.8476 23.0246 24.1895 24.4293 24.1027 25.501 24.3736 23.3566 24.4074 21.3151 25.2038 24.8063 23.5027 24.9609 23.8932 22.3983 22.8715 22.8487 22.9685 22.9039 23.3847 23.4498 23.3767 23.6218 23.5772 21.507 23.0298 24.0743 22.2521 25.0776 20.8704 23.2139 24.0808 21.3037 23.2989 22.4314 23.4793 25.0188 24.7504 23.0184 24.2905 26.3378 24.8894 24.8167 23.5307 24.6481 25.5767 23.2742 23.8378 23.1707 23.5489 24.7164 23.4991 25.8023 23.3776 24.1282 23.3887
20000 2000 1
1
20000 2000 2
1.99981 1.99981
20000 2000 4
3.99963 3.99963 3.99963 3.99962
20000 2000 8
7.99994 7.99994 7.99995 7.99994 7.99994 7.99994 7.99994 7.99994
20000 2000 16
15.9997 15.9997 15.9997 15.9997 15.9546 15.8713 15.7377 15.9431 15.502 15.8021 15.4519 15.9997 15.9997 15.9998 15.9763 15.9997
20000 2000 64
24.3295 24.561 25.9415 23.2106 25.0582 25.248 23.0994 23.0284 23.1648 24.2423 24.2802 24.533 25.6611 24.3841 23.5319 24.6418 21.3848 25.1105 24.9278 23.792 25.2796 23.8615 22.52 22.8934 23.0273 23.3499 23.3125 23.389 23.4793 23.6649 24.0859 23.8021 21.4458 23.4604 24.0773 22.1426 25.1188 21.2364 23.2831 24.3647 21.3664 23.4123 22.4306 23.4052 25.2415 24.7446 23.1618 24.2403 26.6196 24.8994 24.8137 23.7254 24.862 25.4189 23.6428 24.0862 23.1306 23.7559 25.0535 23.6537 25.8332 23.4797 24.2403 23.6549
20000 4000 1
1
20000 4000 2
1.99997 1.99997
20000 4000 4
3.99999 3.99999 3.99999 3.99999
20000 4000 8
7.99997 7.99997 7.99997 7.99997 7.99997 7.99997 7.99997 7.99997
20000 4000 16
15.9994 15.9993 15.9994 15.9994 15.9994 15.8779 15.8005 15.9671 15.5029 15.845 15.515 15.9994 15.9994 15.9994 15.9994 15.9994
20000 4000 64
24.3427 24.5752 25.8499 23.1602 25.1332 25.2653 23.1508 23.3471 23.3162 24.2516 24.3152 24.485 25.542 24.4864 23.7619 24.7809 21.4279 25.3193 25.1753 23.9688 25.2968 23.992 22.5054 22.8256 23.0999 23.6077 23.3431 23.6029 23.6594 23.627 24.3195 23.7196 21.3783 23.4195 24.0865 22.2548 25.2041 21.2771 23.519 24.4649 21.4585 23.6181 22.6483 23.4486 25.3539 24.8356 23.1842 24.3139 26.6409 24.9698 24.9034 23.7733 24.9501 25.6302 23.8227 24.0876 23.0294 23.8656 25.2268 23.859 25.8876 23.4875 24.4112 23.6452
40000 50 1
1
40000 50 2
1.96748 1.96742
40000 50 4
3.81951 3.82035 3.81975 3.8224
40000 50 8
7.26787 7.26099 7.28225 7.26437 7.27419 7.26541 7.26343 7.27498
40000 50 16
13.2914 13.0828 12.9241 13.1089 12.8268 12.7845 13.1345 12.967 13.0831 13.2628 13.3102 13.3398 13.0279 13.247 13.0273 13.1586
40000 50 64
18.5698 19.3587 20.0316 18.2478 17.454 19.3566 19.6533 18.3724 17.7585 18.2003 19.9141 17.3787 18.6056 18.3123 18.7864 18.8263 17.651 18.3876 18.3171 17.9889 17.326 18.0046 18.2429 18.0364 20.4676 18.3777 18.8928 17.3669 17.9293 18.7555 18.3701 18.4632 18.8319 18.6128 18.3278 18.5574 17.8101 19.4833 18.5531 19.5427 19.2849 19.432 18.9998 18.808 18.4884 19.4762 18.6078 20.0418 18.8099 18.6158 18.3707 18.0216 18.8118 18.7821 18.6205 19.6144 18.8099 18.2541 18.2992 18.2941 19.3406 18.3207 18.5679 18.449
40000 100 1
1
40000 100 2
1.98465 1.98464
40000 100 4
3.91513 3.91641 3.91508 3.91568
40000 100 8
7.66489 7.6655 7.66767 7.65728 7.65991 7.65449 7.66697 7.6578
40000 100 16
14.7845 14.5638 14.4009 14.4432 14.2712 14.344 14.8242 14.4334 14.3936 14.6771 14.7089 14.7933 14.3373 14.6862 14.3548 14.6265
40000 100 64
21.5889 22.9643 22.8961 20.8245 20.5729 21.7433 22.4071 21.4175 20.7215 21.78 21.8696 20.2021 20.8297 21.17 21.7026 21.4493 19.5585 21.894 20.9408 21.0967 20.0647 20.7964 21.7487 21.4991 23.0728 22.0376 22.8603 20.6411 20.9089 21.2339 21.7849 21.1143 21.589 20.667 21.2719 20.8719 20.593 22.9863 21.7622 21.8415 22.0918 22.3767 21.7985 21.2691 21.5443 22.8409 21.6427 22.4729 21.7657 20.8299 20.7587 20.7402 21.5243 22.0671 21.6069 22.0435 21.1757 20.7107 20.9809 21.1398 22.7173 20.8511 21.8916 20.8708
40000 200 1
1
40000 200 2
1.99287 1.99288
40000 200 4
3.96256 3.96233 3.96253 3.96229
40000 200 8
7.8561 7.85634 7.85811 7.85577 7.8565 7.85442 7.85866 7.85603
40000 200 16
15.5463 15.5473 15.1396 15.2203 15.0835 15.1676 15.5406 15.3493 15.1451 15.5437 15.5331 15.5398 15.1957 15.4964 15.1644 15.456
40000 200 64
23.5988 24.6632 24.5575 22.4996 22.8545 23.8597 24.2897 23.1674 22.1999 23.1583 23.3936 21.5385 22.6106 22.3753 22.8934 23.2367 21.5638 22.9477 22.2461 23.0126 21.5537 22.2949 23.6376 23.0959 25.0726 23.4007 24.2926 22.4059 22.4066 23.3118 23.7587 22.9345 22.1599 22.2139 23.1165 22.8703 22.2317 25.3372 23.3175 23.6624 23.5412 24.9333 23.6834 23.1003 23.0679 25.0089 23.4082 24.4481 23.6578 22.1577 22.9723 21.9473 23.1047 23.6075 23.3504 23.7487 22.8873 22.1019 22.7298 22.8559 24.3251 22.7664 23.3528 22.6064
40000 500 1
1
40000 500 2
1.99765 1.9976
40000 500 4
3.98855 3.98865 3.9885 3.9885
40000 500 8
7.9622 7.96226 7.96226 7.96193 7.9618 7.96118 7.96221 7.96155
40000 500 16
15.9086 15.9089 15.6893 15.6167 15.4979 15.7411 15.9069 15.9089 15.6273 15.9085 15.9075 15.9048 15.8054 15.887 15.725 15.9084
40000 500 64
24.481 25.0899 25.1172 23.226 23.8105 24.444 25.3534 23.8481 23.254 24.3944 24.2214 22.5983 23.1054 23.3284 23.3816 23.8984 22.2196 23.524 23.0979 23.8391 22.4801 23.3225 25.1631 24.0723 26.2042 24.3534 25.5653 23.6612 23.6806 24.6503 25.1193 23.8148 22.9695 22.7613 24.5502 23.7395 23.0564 26.3245 24.4807 24.667 24.4626 26.0336 24.9912 24.5715 23.6431 25.8866 24.1682 25.6064 24.7057 23.393 24.0928 23.3188 23.6747 24.2501 23.8943 24.6307 23.4847 23.6938 23.8518 23.7146 25.5146 23.2315 24.575 23.2731
40000 750 1
1
40000 750 2
1.9986 1.99861
40000 750 4
3.99373 3.99366 3.99357 3.9937
40000 750 8
7.98136 7.98136 7.98128 7.98102 7.98096 7.98098 7.98107 7.98102
40000 750 16
15.9648 15.9647 15.8421 15.7272 15.6081 15.823 15.964 15.9649 15.7435 15.9641 15.964 15.9638 15.9083 15.9658 15.8564 15.9662
40000 750 64
24.8783 25.1168 25.4284 23.3374 24.0328 24.5436 25.4017 24.118 23.428 24.6142 24.6747 22.9623 23.2861 23.4453 23.7891 23.9615 22.514 23.579 23.3876 24.0139 22.7657 23.3637 25.2932 24.1117 26.0331 24.2649 25.7171 23.8793 23.6985 24.512 24.9272 23.9857 23.1824 22.95 24.936 23.8516 23.208 26.407 24.4969 25.0694 24.6478 26.078 25.055 24.8707 23.8803 26.1754 24.2162 25.7383 24.8058 23.5138 24.3724 23.6291 23.7771 24.4956 24.0249 24.7354 23.7773 24.0096 24.0332 24.0016 25.8834 23.3058 24.8005 23.4653
40000 1000 1
1
40000 1000 2
1.99905 1.99905
40000 1000 4
3.99594 3.99593 3.99592 3.99593
40000 1000 8
7.98935 7.98955 7.98938 7.98922 7.98952 7.98915 7.98958 7.98922
40000 1000 16
15.9852 15.9853 15.9136 15.7809 15.6361 15.8404 15.9847 15.985 15.813 15.9851 15.9847 15.9845 15.9026 15.9854 15.9109 15.9851
40000 1000 64
25.0199 25.1777 25.5571 23.3225 24.0888 24.8026 25.4298 24.4025 23.5987 24.6907 24.8897 23.1 23.3666 23.6387 23.8926 24.0544 22.686 23.5447 23.3089 24.0973 22.6766 23.3807 25.4136 24.1592 26.1968 24.6893 25.6517 24.0473 23.7925 24.6038 25.0639 24.2487 23.2935 23.1282 25.0912 23.9991 23.1983 26.5579 24.6373 25.2329 24.7248 26.143 25.4007 25.0677 24.0238 26.2948 24.3587 25.8155 24.7645 23.4653 24.3502 23.5618 23.781 24.6396 24.037 24.951 23.9055 24.0918 24.165 24.1042 25.9624 23.4672 24.8722 23.7136
40000 2000 1
1
40000 2000 2
1.99966 1.99966
40000 2000 4
3.99887 3.99886 3.99885 3.99886
40000 2000 8
7.99828 7.99829 7.99829 7.99822 7.99826 7.99823 7.99833 7.9983
40000 2000 16
15.9997 15.9998 15.9629 15.8865 15.6988 15.8679 15.9997 15.9997 15.8553 15.9997 15.9997 15.9997 15.9563 15.9998 15.9883 15.9997
40000 2000 64
24.9186 25.0113 25.6948 23.5019 24.18 24.9228 25.5026 24.6266 23.5987 24.9231 25.0469 23.1543 23.6497 23.8342 24.0621 24.4072 22.8784 23.4723 23.52 24.303 22.775 23.3463 25.5189 24.2047 26.3174 24.7953 25.6602 24.3427 23.8643 24.8437 25.1486 24.4198 23.3606 23.2603 25.0928 24.1176 23.4198 26.8007 24.8339 25.4012 24.9155 26.1645 25.5918 25.0488 24.1591 26.4296 24.5595 26.0208 24.9577 23.5645 24.3108 23.7343 23.9043 24.7653 24.3322 25.086 23.9158 24.5775 24.2727 24.1677 26.005 23.4303 24.7736 23.9989
40000 4000 1
1
40000 4000 2
1.99991 1.9999
40000 4000 4
3.99982 3.99982 3.99981 3.99982
40000 4000 8
7.99997 7.99997 7.99997 7.99997 7.99997 7.99997 7.99997 7.99997
40000 4000 16
15.9999 15.9999 15.9968 15.9298 15.7223 15.9115 15.9999 15.9999 15.8653 15.9999 15.9999 15.9999 15.9774 15.9999 15.9999 15.9999
40000 4000 64
24.9477 24.9579 25.7601 23.6862 24.2576 24.8981 25.5063 24.7953 23.7309 25.0969 25.1364 23.1113 23.8185 23.9657 24.1296 24.4822 22.8199 23.5341 23.5809 24.4589 22.9335 23.4939 25.6294 24.242 26.3656 24.8458 25.803 24.437 23.8667 25.0322 25.1828 24.5133 23.438 23.349 24.9599 24.1465 23.6213 26.8901 24.828 25.3656 25.0013 26.0969 25.7916 25.3469 24.1465 26.4216 24.6479 26.1394 25.0324 23.5329 24.3544 23.838 24.0878 24.9215 24.412 25.1352 23.8729 24.6478 24.3851 24.2228 25.9797 23.537 24.6489 24.0796
40000 10000 1
1
40000 10000 2
1.99999 1.99999
40000 10000 4
4 4 4 4
40000 10000 8
7.99998 7.99998 7.99998 7.99998 7.99998 7.99998 7.99998 7.99998
40000 10000 16
15.9996 15.9996 15.9997 15.953 15.7325 15.9245 15.9996 15.9996 15.8776 15.9996 15.9996 15.9996 15.9793 15.9996 15.9996 15.9996
40000 10000 64
25.0687 24.8836 25.8818 23.6973 24.3232 24.8676 25.5318 24.858 23.8477 25.1364 25.1503 23.1906 23.8808 24.0823 24.1871 24.4457 22.7807 23.5149 23.8049 24.3797 22.9838 23.5803 25.6963 24.1768 26.3862 24.969 25.8129 24.4818 23.9127 25.0549 25.1501 24.4482 23.4259 23.382 24.8889 24.3024 23.7246 26.8907 25.0031 25.4155 24.9657 26.1917 25.9094 25.6143 24.1778 26.4321 24.5697 26.268 25.0111 23.6591 24.3052 23.8051 24.0674 24.9763 24.4127 25.1221 23.8411 24.6441 24.4819 24.2386 25.8985 23.5349 24.5838 24.1513
80000 50 1
1
80000 50 2
1.96623 1.96649
80000 50 4
3.81104 3.81068 3.81185 3.81371
80000 50 8
7.20551 7.20902 7.20651 7.21753 7.20504 7.21757 7.20283 7.2199
80000 50 16
13.0827 12.8999 12.7302 12.964 13.0581 13.1508 13.0121 12.9644 12.7138 13.0999 12.8734 12.8182 12.8428 12.974 12.7898 12.8653
80000 50 64
18.6649 18.8042 18.1971 18.6624 17.8323 18.3217 18.2501 18.5743 17.7717 17.9076 17.4366 18.0239 19.0583 17.8757 18.0573 18.2405 18.4281 18.1799 18.3879 18.8662 19.1796 18.5348 18.6253 19.0982 18.4607 18.0175 18.5281 18.9092 18.4018 18.0366 18.4982 18.2987 17.4897 17.8059 17.5994 18.1648 18.8215 18.5905 18.9712 18.7727 17.4957 18.419 18.1414 18.6423 18.2724 17.9115 17.9553 18.1279 18.641 17.6947 18.2166 17.7346 18.1421 17.5925 18.9793 18.7016 18.2472 17.9051 17.6998 17.8124 18.4959 17.8868 18.28 17.6604
80000 100 1
1
80000 100 2
1.98375 1.98374
80000 100 4
3.90928 3.90921 3.90911 3.90921
80000 100 8
7.61482 7.6205 7.61462 7.61725 7.62016 7.61656 7.62166 7.62137
80000 100 16
14.596 14.3526 14.2383 14.5475 14.4521 14.5889 14.4342 14.3904 14.1583 14.62 14.4113 14.3328 14.3234 14.5299 14.3138 14.4709
80000 100 64
22.1788 21.7395 21.0603 21.7324 21.2398 20.9502 20.8683 21.4495 20.6207 20.8418 20.298 21.5969 22.4433 21.618 20.939 21.3219 21.0124 20.9708 21.6904 21.7333 22.1399 21.4228 22.1064 21.9012 21.2101 20.5808 21.6576 21.7786 20.8685 20.9684 21.6811 21.3337 20.9622 20.4447 20.4109 20.9668 22.2542 21.5756 21.9998 22.1324 20.254 21.9813 20.94 22.0503 21.3565 20.8681 21.2027 20.9944 21.3058 20.6006 21.568 20.779 21.4652 20.4845 22.6249 21.7976 20.9452 20.875 21.2662 20.9118 22.2772 21.2214 21.6521 20.4718
80000 200 1
1
80000 200 2
1.99234 1.99229
80000 200 4
3.95754 3.95759 3.95787 3.95769
80000 200 8
7.82743 7.82638 7.8273 7.8262 7.82744 7.82723 7.82875 7.82826
80000 200 16
15.3957 15.1297 15.0864 15.3944 15.3207 15.3888 15.3001 15.2625 15.0044 15.3982 15.298 15.2456 15.1894 15.281 15.2635 15.3269
80000 200 64
24.1615 23.6116 23.4306 23.7428 22.774 22.4851 22.5011 23.1243 22.3109 22.6704 21.9792 23.4753 24.307 23.3822 22.8804 23.3514 22.2242 23.0358 23.7866 23.5662 24.2932 23.4154 24.0221 23.9686 22.9842 22.5323 23.3616 23.6115 22.5066 22.8371 23.6147 23.0673 22.7446 22.2208 22.0551 22.6594 24.2228 23.0035 23.6136 24.3057 21.7544 23.7097 22.6603 24.4409 23.7557 22.7531 22.7686 22.6872 23.6216 22.3574 23.0785 22.3881 23.1722 22.0727 23.8789 23.3197 22.8181 23.0241 23.3629 22.8872 23.9474 22.5388 23.5931 22.6464
80000 500 1
1
80000 500 2
1.99727 1.99728
80000 500 4
3.98592 3.98566 3.98581 3.98587
80000 500 8
7.94678 7.94724 7.94656 7.94654 7.94662 7.94638 7.94632 7.9467
80000 500 16
15.8389 15.6444 15.6123 15.8377 15.8372 15.8346 15.8342 15.8067 15.5634 15.8353 15.8354 15.7424 15.725 15.8367 15.7919 15.8386
80000 500 64
24.995 24.4417 24.3482 24.7644 24.0336 23.5867 23.4142 23.8664 23.0694 23.6494 23.0831 24.8617 25.4896 24.7837 24.3329 24.6379 23.0314 24.3148 24.9042 24.787 25.4658 25 24.9131 25.0879 24.2763 23.9165 24.1481 24.4436 23.7927 23.9909 24.5715 24.1088 23.605 23.4011 23.1401 23.9994 25.5999 24.0435 25.095 25.5274 22.7251 25.0712 23.7953 25.5458 24.9897 23.7593 23.7138 23.3672 24.9024 23.4059 23.9099 23.4971 24.2299 23.5037 25.1158 24.3748 23.978 23.8754 24.5182 23.9715 24.684 24.0755 24.5867 23.7236
80000 750 1
1
80000 750 2
1.99832 1.99832
80000 750 4
3.99159 3.99165 3.99158 3.99162
80000 750 8
7.97081 7.97045 7.97007 7.97067 7.97006 7.97038 7.97037 7.97046
80000 750 16
15.9203 15.7881 15.7197 15.9189 15.9186 15.9187 15.9191 15.9189 15.6823 15.9186 15.9205 15.8854 15.8363 15.9188 15.8924 15.9205
80000 750 64
25.2521 24.6871 24.5331 24.9604 24.2672 24.017 23.5923 24.1314 23.2698 23.9055 23.2767 24.9842 25.3847 25.0151 24.314 24.6716 23.2593 24.5863 25.03 25.0311 25.6062 25.219 25.2111 25.1992 24.3994 24.2312 24.3605 24.596 24.1265 24.241 24.8094 24.3324 23.7799 23.5521 23.3726 24.3148 25.7866 24.2523 25.2786 25.7741 22.9517 25.0649 23.98 25.9581 25.3674 24.1796 23.9185 23.5054 25.0401 23.4659 24.2437 23.7687 24.5604 23.7333 25.2286 24.4842 24.2492 23.9856 24.5367 24.2747 24.859 24.2854 24.871 24.1153
80000 1000 1
1
80000 1000 2
1.99882 1.99882
80000 1000 4
3.99429 3.99429 3.99425 3.99436
80000 1000 8
7.98108 7.98105 7.98096 7.98102 7.98125 7.98113 7.98105 7.98121
80000 1000 16
15.9544 15.8568 15.7484 15.9539 15.9551 15.9536 15.9554 15.9539 15.7519 15.9538 15.9551 15.9542 15.8728 15.9542 15.9464 15.9552
80000 1000 64
25.3522 24.7381 24.689 25.1415 24.3989 24.1982 23.7334 24.2246 23.3483 23.9088 23.245 25.0684 25.6994 25.0788 24.4011 24.8849 23.4059 24.7506 25.1037 25.1776 25.692 25.5086 25.3523 25.3166 24.3663 24.193 24.4422 24.713 24.2424 24.3599 24.9477 24.5012 24.028 23.6847 23.4338 24.4108 25.9792 24.4267 25.5653 25.87 23.0304 25.1573 24.0276 26.0878 25.5835 24.3498 23.9829 23.7473 25.0454 23.4046 24.4414 23.8367 24.6279 23.9158 25.3772 24.4926 24.4229 24.0938 24.5987 24.3117 24.9869 24.5138 24.9938 24.1416
80000 2000 1
1
80000 2000 2
1.99952 1.99952
80000 2000 4
3.99798 3.99797 3.99796 3.99796
80000 2000 8
7.99475 7.99466 7.99464 7.99469 7.99468 7.99467 7.99474 7.99476
80000 2000 16
15.9926 15.9458 15.8036 15.9924 15.9925 15.9924 15.9928 15.9927 15.8556 15.9924 15.9925 15.9924 15.9642 15.9926 15.9928 15.9927
80000 2000 64
25.2128 24.8888 24.8069 25.3049 24.5028 24.2971 23.9701 24.4743 23.401 24.1274 23.2815 25.1352 25.8189 25.2536 24.5566 25.0197 23.5123 24.8151 25.3279 25.3687 25.8078 25.582 25.489 25.5375 24.5182 24.2647 24.5796 24.9462 24.4967 24.4492 24.9334 24.6061 24.2373 23.8536 23.6714 24.6394 26.2965 24.5462 25.6711 26.1718 23.2948 25.2674 24.0918 26.2699 25.8394 24.5526 24.0628 23.9097 25.2116 23.6393 24.5201 24.0844 24.8255 24.1339 25.572 24.5918 24.4017 24.3964 24.6763 24.4804 25.1251 24.5793 25.0487 24.3198
80000 4000 1
1
80000 4000 2
1.99983 1.99983
80000 4000 4
3.99943 3.99943 3.99943 3.99944
80000 4000 8
7.99914 7.99914 7.99912 7.99915 7.99914 7.99914 7.99915 7.99916
80000 4000 16
15.9999 15.9876 15.8402 15.9999 15.9999 15.9999 15.9999 15.9999 15.9072 15.9999 15.9999 15.9999 15.9809 15.9999 15.9999 15.9999
80000 4000 64
25.2008 25.0122 24.825 25.3972 24.6563 24.3134 24.1235 24.5338 23.4032 24.2325 23.4321 25.197 25.8664 25.3724 24.6443 25.0861 23.6043 24.7673 25.4749 25.3453 25.8135 25.8322 25.4822 25.6412 24.5404 24.3355 24.7554 25.0146 24.5046 24.543 24.9879 24.5927 24.3071 23.9531 23.7914 24.7969 26.3275 24.6071 25.6909 26.2171 23.3365 25.2881 24.123 26.3915 25.9105 24.6334 24.0701 23.8419 25.2269 23.7133 24.5586 24.0843 24.9176 24.3769 25.5295 24.7117 24.4736 24.4794 24.7123 24.5327 25.3125 24.5632 25.0588 24.56
80000 10000 1
1
80000 10000 2
1.99997 1.99997
80000 10000 4
3.99996 3.99996 3.99996 3.99996
80000 10000 8
8 8 8 8 8 8 8 8
80000 10000 16
15.9999 15.9999 15.8528 15.9999 15.9999 15.9999 15.9999 15.9999 15.9265 15.9999 15.9999 15.9999 15.9908 15.9999 15.9999 15.9999
80000 10000 64
25.219 25.0783 24.8395 25.4355 24.7383 24.3679 24.2189 24.5458 23.3731 24.3122 23.4952 25.1874 25.9447 25.407 24.6861 25.0328 23.6175 24.8172 25.5315 25.4628 25.8375 26.0281 25.506 25.6667 24.5929 24.2965 24.7708 25.0068 24.4771 24.6038 24.9482 24.5945 24.4175 23.9892 23.803 24.8459 26.3406 24.7171 25.6955 26.2721 23.3657 25.2068 24.2177 26.4658 25.9675 24.6425 24.1245 23.8374 25.2803 23.7453 24.5549 24.0975 24.884 24.5517 25.59 24.725 24.5676 24.6385 24.8349 24.5298 25.4061 24.6205 25.0659 24.5773
160000 50 1
1
160000 50 2
1.96533 1.96552
160000 50 4
3.80401 3.80544 3.8043 3.80471
160000 50 8
7.17044 7.16895 7.1738 7.18147 7.17503 7.17171 7.1732 7.17434
160000 50 16
12.9038 12.7478 12.9456 12.9135 12.8656 12.7826 12.8198 12.7434 12.6938 12.8369 12.9139 12.8889 12.7943 12.7966 12.8181 12.7811
160000 50 64
18.5191 18.0969 17.7798 18.1495 17.5871 17.5038 18.2011 17.8652 18.0974 18.4609 18.5573 18.6178 17.9867 18.4286 17.9856 18.2496 17.4092 17.6392 18.4282 18.71 17.6505 18.1875 17.8508 17.7719 17.867 17.7714 17.6692 18.6251 17.7955 17.4751 17.9855 17.6988 17.1687 17.8439 17.6781 17.9686 17.8538 18.1924 18.2035 17.6725 18.107 18.2953 17.6018 18.4727 18.3567 18.3371 17.9385 17.6783 17.7864 17.6379 18.3467 18.0962 18.5006 18.2331 17.3343 17.6214 18.0224 17.6704 18.1108 17.8572 18.2913 17.5223 17.8345 17.8764
160000 100 1
1
160000 100 2
1.98307 1.98313
160000 100 4
3.90406 3.904 3.90425 3.90395
160000 100 8
7.58905 7.58878 7.58831 7.58875 7.58957 7.59102 7.58877 7.58588
160000 100 16
14.3904 14.3238 14.4345 14.3385 14.3793 14.3078 14.3683 14.3201 14.2283 14.2882 14.4521 14.4227 14.3576 14.3659 14.3794 14.2607
160000 100 64
21.7295 21.2329 20.8716 20.965 20.5868 20.7464 21.8196 20.9433 20.8555 21.4868 21.5586 21.7791 20.7316 21.5073 20.7699 21.3732 20.5409 20.5489 21.719 21.8826 20.9005 21.2739 20.9404 20.9049 20.767 21.004 20.7856 22.0074 20.7484 20.9607 21.5736 20.8647 20.4004 21.0978 20.4404 21.2561 21.2796 21.0413 20.8813 20.7176 21.1766 21.7511 20.8761 21.4025 21.8673 21.3164 21.1927 20.7077 20.8778 20.878 21.4477 21.1971 21.4977 21.4397 20.761 20.8896 21.4895 20.5648 21.1812 21.394 21.0959 20.3382 21.0099 21.1521
160000 200 1
1
160000 200 2
1.99185 1.99188
160000 200 4
3.95438 3.95411 3.95442 3.9542
160000 200 8
7.80461 7.80485 7.80613 7.80528 7.80773 7.80664 7.80563 7.80557
160000 200 16
15.2782 15.2177 15.2777 15.2308 15.2436 15.2257 15.1939 15.2485 15.1572 15.2562 15.2779 15.283 15.2322 15.2673 15.2829 15.1885
160000 200 64
23.7941 23.5095 22.5456 22.7342 22.4152 22.6108 23.7504 23.0378 22.5585 23.6075 23.7592 23.9057 22.6765 23.3875 22.6033 23.2911 22.4075 22.2824 23.5393 23.8901 22.6339 23.4373 23.1785 22.6405 22.9028 22.6416 22.5379 23.516 22.8436 23.0396 23.1599 23.0375 22.5732 23.0255 22.4048 23.2147 23.5608 23.09 23.0697 22.482 23.0624 23.3795 22.7544 23.2652 23.5443 23.5766 22.8687 22.8179 23.0339 22.8567 23.3108 22.755 23.6999 23.3781 22.6166 22.6325 23.5666 22.5002 23.0691 23.4157 23.3277 22.2504 22.9033 23.0426
160000 500 1
1
160000 500 2
1.99699 1.997
160000 500 4
3.98364 3.9837 3.9836 3.98359
160000 500 8
7.93462 7.9334 7.93411 7.93435 7.93425 7.93438 7.93354 7.93433
160000 500 16
15.7736 15.7756 15.7727 15.7726 15.773 15.772 15.7717 15.7733 15.7145 15.7702 15.7733 15.775 15.7736 15.7717 15.7756 15.7589
160000 500 64
24.7561 24.5979 23.8523 23.6767 23.3911 23.9783 25.1817 24.5293 23.7023 24.8978 25.2829 25.0426 24.1353 24.3359 23.939 24.3886 23.5399 23.605 24.8654 25.3577 23.9012 24.6878 24.4229 23.5866 24.1889 23.7475 23.898 24.7772 23.9623 24.2873 24.4305 24.1997 23.5002 24.4576 23.6364 24.3694 24.6627 24.0603 24.4105 23.6234 24.2806 24.2784 23.8745 24.4631 24.6277 24.9821 23.8268 24.0175 24.3241 24.0824 24.5108 23.9413 25.0249 24.558 23.6629 23.9833 24.5936 23.7435 24.1142 24.7296 24.4123 23.4824 24.2428 24.262
160000 750 1
1
160000 750 2
1.9981 1.9981
160000 750 4
3.98991 3.98992 3.98992 3.98986
160000 750 8
7.96088 7.96113 7.96082 7.961 7.96089 7.96077 7.96073 7.96058
160000 750 16
15.8754 15.8739 15.8723 15.8748 15.8722 15.8736 15.8736 15.8739 15.8321 15.8739 15.8732 15.875 15.8735 15.8734 15.8746 15.8744
160000 750 64
25.0461 24.8371 24.2254 23.9446 23.6559 24.1785 25.2872 24.5802 23.9841 25.121 25.5048 25.2921 24.3884 24.5559 24.2605 24.658 23.7443 23.9176 25.1047 25.6156 24.0524 25.0253 24.8553 23.7998 24.3263 24.0881 24.2215 24.931 24.2 24.4844 24.6625 24.5727 23.7925 24.6842 23.8803 24.5536 24.9716 24.324 24.6069 23.9544 24.6263 24.543 23.9588 24.5761 24.7638 25.183 24.0669 24.2954 24.5527 24.3518 24.7664 24.2975 25.2799 24.6524 23.9183 24.224 24.9966 24.0791 24.6185 24.952 24.6323 23.6168 24.6235 24.592
160000 1000 1
1
160000 1000 2
1.99864 1.99864
160000 1000 4
3.99292 3.99294 3.99292 3.99288
160000 1000 8
7.97339 7.97341 7.97324 7.97372 7.97349 7.97336 7.97333 7.97336
160000 1000 16
15.9191 15.919 15.9186 15.9189 15.9198 15.9194 15.919 15.9197 15.891 15.9186 15.918 15.9199 15.9182 15.9202 15.9185 15.9179
160000 1000 64
25.1414 25.0218 24.4014 24.0754 23.7236 24.2212 25.4954 24.7463 24.1541 25.2505 25.7158 25.4389 24.3742 24.675 24.3946 24.8303 23.9509 24.0123 25.3132 25.8256 24.1534 25.1335 25.0656 23.9676 24.3142 24.2447 24.3656 25.0285 24.3595 24.556 24.8599 24.6649 23.8315 24.8333 23.9929 24.7083 25.1763 24.5111 24.7131 24.0371 24.6727 24.6665 24.1473 24.689 24.9175 25.2343 24.167 24.3794 24.6559 24.5378 24.827 24.4274 25.3989 24.7127 24.0001 24.3869 25.1432 24.2236 24.7756 25.028 24.7871 23.6483 24.7324 24.726
160000 2000 1
1
160000 2000 2
1.99941 1.99941
160000 2000 4
3.99714 3.99715 3.99715 3.99715
160000 2000 8
7.9906 7.99051 7.9905 7.9905 7.99064 7.99056 7.99057 7.99053
160000 2000 16
15.9775 15.9771 15.977 15.9772 15.9772 15.9772 15.9775 15.9775 15.9728 15.9774 15.9771 15.9775 15.9773 15.9773 15.9773 15.9774
160000 2000 64
25.174 25.1766 24.5234 24.3346 23.8754 24.2887 25.6649 24.9032 24.2577 25.4791 25.8325 25.6393 24.5069 24.8848 24.5862 24.8954 24.1561 24.2637 25.5426 26.0507 24.3608 25.2753 25.3071 24.1066 24.5325 24.4252 24.5914 25.1921 24.5134 24.6964 24.9725 24.8024 23.9793 24.9753 24.1206 24.8886 25.3254 24.5006 24.7901 24.2224 24.9166 24.9422 24.3464 24.8109 25.1116 25.4911 24.2671 24.5932 24.8882 24.5895 25.0579 24.532 25.479 24.8935 24.0657 24.6039 25.348 24.4676 24.9353 25.1716 24.961 23.8336 24.8582 24.737
160000 4000 1
1
160000 4000 2
1.99976 1.99976
160000 4000 4
3.99899 3.99899 3.99899 3.99899
160000 4000 8
7.99735 7.99734 7.99736 7.99736 7.99737 7.99734 7.99735 7.99736
160000 4000 16
15.9963 15.9963 15.9962 15.9963 15.9963 15.9963 15.9964 15.9964 15.9963 15.9963 15.9963 15.9963 15.9963 15.9963 15.9963 15.9963
160000 4000 64
25.2275 25.2294 24.6075 24.4413 23.9325 24.3962 25.7474 24.9828 24.2824 25.5376 25.9547 25.6913 24.5593 25.0046 24.6383 24.9113 24.2465 24.4068 25.5881 26.0818 24.3941 25.3478 25.3841 24.0723 24.5828 24.4415 24.7635 25.2371 24.595 24.7378 25.0544 24.9324 24.0149 25.0546 24.164 25.0474 25.4985 24.5339 24.8235 24.2777 24.9643 24.9543 24.381 24.8726 25.2043 25.6094 24.3358 24.71 24.9986 24.6358 25.1694 24.5555 25.5582 25.004 24.1042 24.667 25.4358 24.4778 25.0682 25.2573 24.9491 23.8817 24.9449 24.8294
160000 10000 1
1
160000 10000 2
1.99994 1.99994
160000 10000 4
3.99983 3.99983 3.99983 3.99983
160000 10000 8
7.99982 7.99982 7.99982 7.99982 7.99982 7.99982 7.99982 7.99981
160000 10000 16
16 16 16 16 16 16 16 16 16 16 16 16 16 16 16 16
160000 10000 64
25.2696 25.2575 24.674 24.4988 23.9573 24.4282 25.8041 24.9776 24.3127 25.6286 26.0673 25.7154 24.564 25.0094 24.6594 24.8917 24.3178 24.4326 25.6478 26.1144 24.3737 25.4364 25.4204 24.0947 24.6261 24.4445 24.8364 25.2733 24.7188 24.7974 25.1273 24.9451 24.0761 25.1083 24.251 25.1725 25.5819 24.5847 24.8292 24.2787 24.9463 24.9653 24.446 24.9198 25.2667 25.616 24.3747 24.7303 25.0564 24.6505 25.2088 24.6066 25.6155 25.0078 24.1485 24.7095 25.501 24.5312 25.1287 25.341 24.9692 23.9561 25.0489 24.8728
