2000 50 0.00218949 1262 0.000244188 8.90573e-10 0.00399814
2000 50 0.00192338 657 0.000269709 9.73109e-10 0.00368212
2000 50 0.0017331 330 0.000228371 6.30838e-10 0.00359431
2000 50 0.00168993 171 0.000214921 7.87897e-10 0.00352699
2000 50 0.00183377 98 0.000248047 8.82939e-10 0.00376416
2000 100 0.0077192 2808 0.000255359 8.51801e-10 0.011178
2000 100 0.00693191 1464 0.000304904 1.12165e-09 0.010518
2000 100 0.00636255 733 0.000286853 1.16246e-09 0.0100417
2000 100 0.00623125 377 0.000205303 8.38547e-10 0.00971016
2000 100 0.00643567 205 0.00024862 8.6712e-10 0.0101181
2000 200 0.0363879 7102 0.000238246 1.10678e-09 0.0432509
2000 200 0.031152 3594 0.000213779 9.71051e-10 0.0387173
2000 200 0.0279272 1788 0.000203955 9.93697e-10 0.0355509
2000 200 0.0264061 897 0.000208938 9.68349e-10 0.033953
2000 200 0.0268576 476 0.000197317 8.17428e-10 0.0346394
2000 500 0.456782 36647 0.000168099 2.54202e-09 0.474556
2000 500 0.370109 18055 0.000129036 1.56577e-09 0.388893
2000 500 0.332409 9098 0.000180241 2.87818e-09 0.351323
2000 500 0.31566 4645 0.000127252 1.52007e-09 0.33272
2000 500 0.306295 2348 0.000132953 1.66973e-09 0.326153
2000 750 1.93456 105577 6.23169e-05 1.41812e-09 1.96275
2000 750 1.57325 52325 7.28411e-05 1.89367e-09 1.6021
2000 750 1.38088 25993 9.19749e-05 2.66906e-09 1.40917
2000 750 1.35957 13699 6.15089e-05 1.54193e-09 1.3889
2000 750 1.26746 6636 5.20733e-05 1.12515e-09 1.29662
4000 50 0.00242655 1292 0.000575882 1.01508e-09 0.00654135
4000 50 0.00213027 664 0.000612134 1.04785e-09 0.00622188
4000 50 0.00187065 325 0.000800695 1.51723e-09 0.0056482
4000 50 0.00185533 172 0.000635301 9.86161e-10 0.00540558
4000 50 0.00195305 95 0.000413122 6.3509e-10 0.00604442
4000 100 0.00786375 2736 0.000498237 8.95567e-10 0.0146228
4000 100 0.00691616 1381 0.000592385 8.90269e-10 0.0142204
4000 100 0.00638869 695 0.000504169 8.50117e-10 0.0138367
4000 100 0.00629668 360 0.000451844 8.72442e-10 0.0136218
4000 100 0.00632299 190 0.00048294 8.09895e-10 0.0138126
4000 200 0.0318158 6060 0.000466062 8.82731e-10 0.0461677
4000 200 0.026791 2990 0.000508853 9.65965e-10 0.0423417
4000 200 0.0245493 1511 0.000651591 1.1345e-09 0.0379457
4000 200 0.0235012 767 0.000494329 9.99731e-10 0.0389673
4000 200 0.0239083 411 0.000397785 7.80927e-10 0.039439
4000 500 0.253806 20078 0.000446988 1.40485e-09 0.289996
4000 500 0.214123 10270 0.000331086 8.49882e-10 0.252445
4000 500 0.191073 5127 0.000331619 8.12732e-10 0.229643
4000 500 0.179767 2584 0.000382278 1.06023e-09 0.218351
4000 500 0.176508 1325 0.000420838 1.10115e-09 0.215471
4000 750 0.782609 42124 0.000265189 1.08186e-09 0.833704
4000 750 0.638457 20907 0.000335373 1.48051e-09 0.695119
4000 750 0.563236 10389 0.000280608 1.09812e-09 0.620367
4000 750 0.525967 5191 0.000322678 1.29988e-09 0.583437
4000 750 0.527512 2708 0.000274658 1.13564e-09 0.577237
4000 1000 1.88592 76543 0.000382504 3.2633e-09 1.959
4000 1000 1.55753 38501 0.000328688 2.30238e-09 1.63062
4000 1000 1.37185 19182 0.000253469 1.61943e-09 1.44686
4000 1000 1.28064 9552 0.00029862 2.04825e-09 1.35492
4000 1000 1.29811 5052 0.000173148 8.59498e-10 1.37106
20000 50 0.00302421 1249 0.00344627 1.2135e-09 0.0201092
20000 50 0.00268693 644 0.00266692 9.49016e-10 0.0220183
20000 50 0.00243819 317 0.00262547 8.65935e-10 0.0218651
20000 50 0.00247862 172 0.00279509 9.55931e-10 0.022157
20000 50 0.00249638 93 0.00290656 9.78171e-10 0.0222348
20000 100 0.00884389 2641 0.00244528 7.73257e-10 0.0422801
20000 100 0.00782009 1322 0.00298073 1.03602e-09 0.0420298
20000 100 0.00744413 677 0.00273977 9.64595e-10 0.0451986
20000 100 0.00730538 349 0.00260143 9.1384e-10 0.0450778
20000 100 0.00743131 186 0.00315828 8.78773e-10 0.0456708
20000 200 0.0324732 5428 0.00305221 1.07574e-09 0.104089
20000 200 0.0286433 2775 0.00326149 1.1717e-09 0.102388
20000 200 0.0267326 1399 0.00216399 7.73291e-10 0.0962953
20000 200 0.0257071 712 0.00287008 8.87315e-10 0.093252
20000 200 0.0259701 377 0.00279225 9.52097e-10 0.0997738
20000 500 0.207731 14829 0.00255781 9.3438e-10 0.382992
20000 500 0.172229 7318 0.00289209 9.75899e-10 0.35087
20000 500 0.155631 3655 0.00274524 1.00274e-09 0.32975
20000 500 0.149035 1867 0.00286364 1.04957e-09 0.321679
20000 500 0.152184 985 0.00301052 1.07889e-09 0.32423
20000 750 0.468705 23069 0.00272268 9.97605e-10 0.728062
20000 750 0.392056 11545 0.00296891 1.04331e-09 0.647194
20000 750 0.350859 5735 0.0026013 9.63052e-10 0.611649
20000 750 0.339538 2946 0.00266033 9.32886e-10 0.597257
20000 750 0.341519 1535 0.00271234 1.01876e-09 0.600472
20000 1000 0.850787 31889 0.00257506 1.01364e-09 1.19544
20000 1000 0.717144 16093 0.00266735 9.5611e-10 1.06142
20000 1000 0.644379 8078 0.00259884 1.00172e-09 0.988724
20000 1000 0.615634 4087 0.00270457 1.07278e-09 0.958047
20000 1000 0.620465 2122 0.00257499 9.80027e-10 0.969932
20000 2000 3.98143 77577 0.00234035 1.11204e-09 4.67361
20000 2000 3.35759 39175 0.00201247 9.94359e-10 4.05549
20000 2000 2.99627 19570 0.0020447 9.89099e-10 3.68852
20000 2000 2.84103 9869 0.00227527 1.03193e-09 3.53648
20000 2000 2.85063 5092 0.00214927 1.01394e-09 3.54284
20000 4000 26.0671 253087 0.00179879 1.86217e-09 27.4628
20000 4000 21.1925 126368 0.00142412 1.29899e-09 22.5715
20000 4000 19.0142 63993 0.00132015 1.21539e-09 20.4079
20000 4000 17.7032 31821 0.00129846 1.17477e-09 19.0854
20000 4000 17.3716 16223 0.00145769 1.37843e-09 18.7542
40000 50 0.00332191 1266 0.00304713 5.24939e-10 0.0386561
40000 50 0.00297731 639 0.00617695 9.22955e-10 0.0420303
40000 50 0.00284419 327 0.00645882 9.82208e-10 0.0420741
40000 50 0.0028271 171 0.00639134 8.42012e-10 0.0418059
40000 50 0.00294759 92 0.00605791 1.0398e-09 0.0421944
40000 100 0.0101324 2590 0.00632943 1.04985e-09 0.0830467
40000 100 0.00928653 1316 0.00522158 7.91602e-10 0.0841328
40000 100 0.00877113 669 0.00574591 9.48561e-10 0.0827264
40000 100 0.00848194 339 0.00606757 1.00555e-09 0.0816752
40000 100 0.0092529 187 0.00411316 7.07777e-10 0.082778
40000 200 0.0365834 5463 0.00659946 1.14923e-09 0.178942
40000 200 0.032393 2722 0.00585229 1.00798e-09 0.172582
40000 200 0.0303314 1383 0.00582719 9.42025e-10 0.173499
40000 200 0.0293728 700 0.00552701 9.70203e-10 0.175085
40000 200 0.0296384 370 0.00575407 8.44887e-10 0.174468
40000 500 0.214522 14371 0.00565575 1.03191e-09 0.562931
40000 500 0.182523 7214 0.00531362 9.66254e-10 0.525368
40000 500 0.165305 3593 0.0059248 1.0572e-09 0.511208
40000 500 0.158453 1838 0.00602363 9.59068e-10 0.49957
40000 500 0.159041 948 0.00661666 1.1103e-09 0.507288
40000 750 0.472775 22123 0.00581596 1.0489e-09 0.992029
40000 750 0.399978 11071 0.00562431 9.94078e-10 0.932994
40000 750 0.360506 5552 0.00605732 1.04237e-09 0.876446
40000 750 0.346737 2830 0.00572622 9.77391e-10 0.872865
40000 750 0.34677 1466 0.00745742 9.9158e-10 0.863011
40000 1000 0.845299 30259 0.00567473 1.02519e-09 1.52504
40000 1000 0.709553 15181 0.00534046 9.61076e-10 1.39871
40000 1000 0.644039 7620 0.00514179 9.30832e-10 1.32601
40000 1000 0.613515 3845 0.00571698 9.97033e-10 1.30625
40000 1000 0.614201 1989 0.00563563 9.99353e-10 1.29844
40000 2000 3.41501 65317 0.00506465 9.86575e-10 4.81197
40000 2000 2.89665 33066 0.00525672 1.00328e-09 4.27103
40000 2000 2.60577 16517 0.00541861 9.59564e-10 4.00457
40000 2000 2.48026 8356 0.00526242 1.04758e-09 3.874
40000 2000 2.48132 4325 0.00512809 9.93599e-10 3.85906
40000 4000 16.536 158966 0.00415901 1.01938e-09 19.33
40000 4000 13.6464 80255 0.0043918 1.1002e-09 16.4363
40000 4000 12.1396 40189 0.00435715 1.08046e-09 14.89
40000 4000 11.5124 20382 0.0045238 1.05085e-09 14.2709
40000 4000 11.3134 10353 0.00432538 1.0286e-09 14.0625
40000 10000 210.837 836419 0.00243082 1.67297e-09 217.815
40000 10000 170.642 416164 0.00267377 1.79696e-09 177.697
40000 10000 150.99 209061 0.00275689 1.86937e-09 157.877
40000 10000 143.038 106083 0.00230311 1.48915e-09 149.981
40000 10000 140.15 53742 0.00240747 1.62087e-09 147.053
80000 50 0.0042106 1271 0.0111872 8.61002e-10 0.0734091
80000 50 0.00385579 637 0.011641 1.0043e-09 0.0793977
80000 50 0.00369022 322 0.0108281 9.44156e-10 0.0782021
80000 50 0.00376201 175 0.00754016 6.42875e-10 0.0786788
80000 50 0.00397552 96 0.0131316 9.96119e-10 0.0793126
80000 100 0.0124058 2627 0.0117752 1.03141e-09 0.15593
80000 100 0.0109486 1308 0.0117632 1.02137e-09 0.15221
80000 100 0.0113093 673 0.0113779 9.71869e-10 0.152642
80000 100 0.0122549 339 0.00895345 7.74085e-10 0.150836
80000 100 0.0113956 185 0.00997604 8.71777e-10 0.153122
80000 200 0.0402231 5377 0.0125681 1.0955e-09 0.314595
80000 200 0.0361553 2727 0.0111584 9.84835e-10 0.312706
80000 200 0.0344897 1379 0.013078 1.13238e-09 0.308617
80000 200 0.0328361 700 0.0112588 9.80901e-10 0.306997
80000 200 0.0333995 369 0.0120671 1.00137e-09 0.309045
80000 500 0.222855 14172 0.0122949 9.88741e-10 0.913466
80000 500 0.192525 7092 0.0111797 9.88764e-10 0.883443
80000 500 0.177926 3595 0.0119972 9.56858e-10 0.867139
80000 500 0.170184 1822 0.0124373 1.04868e-09 0.858929
80000 500 0.171777 956 0.0106327 9.36985e-10 0.86239
80000 750 0.482197 21649 0.0116063 1.01718e-09 1.52869
80000 750 0.412076 10829 0.0106329 9.01584e-10 1.45801
80000 750 0.37841 5491 0.0115139 1.00545e-09 1.41888
80000 750 0.360603 2765 0.010296 8.98173e-10 1.40311
80000 750 0.364961 1453 0.01086 9.45173e-10 1.39705
80000 1000 0.839045 29303 0.0107214 9.47423e-10 2.23187
80000 1000 0.720891 14724 0.0115543 1.03717e-09 2.11145
80000 1000 0.660294 7448 0.0175425 1.10648e-09 2.0392
80000 1000 0.630428 3766 0.0114366 1.01946e-09 2.00892
80000 1000 0.631034 1948 0.0138728 1.08271e-09 2.00914
80000 2000 3.31378 62350 0.0107995 9.94407e-10 6.23026
80000 2000 2.77956 31066 0.0107598 9.94346e-10 5.58352
80000 2000 2.5287 15633 0.0112533 1.00025e-09 5.37167
80000 2000 2.40449 7872 0.0115749 1.01522e-09 5.16823
80000 2000 2.40894 4075 0.0110516 9.84545e-10 5.21075
80000 4000 14.1358 134896 0.0102995 1.00961e-09 19.7445
80000 4000 11.595 67776 0.0100042 9.90789e-10 17.1813
80000 4000 10.346 34088 0.0100059 9.7044e-10 15.9474
80000 4000 9.80372 17134 0.0106843 9.97479e-10 15.3431
80000 4000 9.84042 8916 0.0106605 9.79896e-10 15.462
80000 10000 115.915 459214 0.00786699 1.1142e-09 129.75
80000 10000 93.8403 229101 0.00763877 1.13456e-09 107.854
80000 10000 83.773 115114 0.00791965 1.20163e-09 97.5021
80000 10000 78.9627 58221 0.00810142 1.09022e-09 92.9416
80000 10000 78.0443 29855 0.00749241 1.03734e-09 91.8842
160000 50 0.00513576 1252 0.0204985 8.85323e-10 0.144937
160000 50 0.00496347 621 0.0315987 1.21161e-09 0.150239
160000 50 0.00478952 323 0.0271327 1.18146e-09 0.150704
160000 50 0.00462462 169 0.0175156 7.54277e-10 0.150641
160000 50 0.00539094 93 0.0214489 9.04769e-10 0.149222
160000 100 0.0140752 2637 0.0219973 9.58878e-10 0.296987
160000 100 0.0130844 1326 0.0188736 7.97987e-10 0.291628
160000 100 0.0136941 666 0.0234024 1.01775e-09 0.296394
160000 100 0.0135225 347 0.0236158 9.50557e-10 0.293916
160000 100 0.0143469 186 0.0242762 8.97706e-10 0.296645
160000 200 0.0450493 5409 0.0216723 9.3715e-10 0.606825
160000 200 0.0401444 2711 0.0238816 1.04859e-09 0.596198
160000 200 0.0374293 1351 0.0222199 9.71392e-10 0.593907
160000 200 0.0376763 709 0.0237198 1.02101e-09 0.595609
160000 200 0.0379175 370 0.021742 9.36465e-10 0.600206
160000 500 0.235353 14101 0.0239716 1.04883e-09 1.64565
160000 500 0.203677 7037 0.0225225 9.55941e-10 1.61502
160000 500 0.188116 3558 0.0239247 1.01505e-09 1.58162
160000 500 0.18276 1806 0.0213508 9.11018e-10 1.58153
160000 500 0.182937 937 0.0221183 9.55471e-10 1.5886
160000 750 0.498448 21400 0.0229008 1.00207e-09 2.58012
160000 750 0.440102 10886 0.0237864 1.03974e-09 2.54406
160000 750 0.397619 5413 0.0216235 9.42867e-10 2.47716
160000 750 0.379482 2737 0.02356 1.03999e-09 2.45961
160000 750 0.382694 1429 0.0285439 1.01904e-09 2.46313
160000 1000 0.864311 29216 0.0242653 1.06566e-09 3.60953
160000 1000 0.72876 14431 0.0219461 9.57856e-10 3.52063
160000 1000 0.663271 7281 0.0253887 1.05406e-09 3.50628
160000 1000 0.645959 3716 0.0226628 9.9843e-10 3.4138
160000 1000 0.644357 1920 0.0233042 1.01211e-09 3.41662
160000 2000 3.26754 60487 0.0287592 1.02648e-09 8.89246
160000 2000 2.75293 30301 0.0231722 1.01727e-09 8.29456
160000 2000 2.52437 15313 0.0236274 1.06112e-09 8.08518
160000 2000 2.39611 7690 0.0235589 1.01064e-09 7.94066
160000 2000 2.40185 3988 0.0229558 1.02349e-09 7.96764
160000 4000 13.3935 127419 0.0224464 1.03201e-09 24.6506
160000 4000 10.918 63452 0.0233442 1.01116e-09 22.3041
160000 4000 9.83836 31975 0.0266683 1.00447e-09 21.0775
160000 4000 9.32514 16162 0.021712 9.8828e-10 20.5359
160000 4000 9.22777 8292 0.0243398 1.00451e-09 20.2968
160000 10000 90.9372 359266 0.0206365 1.01728e-09 118.961
160000 10000 74.3712 180576 0.0207643 9.87725e-10 102.007
160000 10000 66.4291 90879 0.0199469 1.01212e-09 94.0973
160000 10000 62.4203 45748 0.0194343 9.99839e-10 90.3765
160000 10000 62.5137 23743 0.0191221 9.70914e-10 90.4956
