2000 50 1 1
2000 50 2 1.9754
2000 50 4 3.85593
2000 50 8 7.35848
2000 50 16 13.4063
2000 50 64 18.7543
2000 100 1 1
2000 100 2 1.99057
2000 100 4 3.94396
2000 100 8 7.74327
2000 100 16 14.9386
2000 100 64 22.1038
2000 200 1 1
2000 200 2 1.99659
2000 200 4 3.9796
2000 200 8 7.90546
2000 200 16 15.6002
2000 200 64 24.1499
2000 500 1 1
2000 500 2 1.9994
2000 500 4 3.99641
2000 500 8 7.98328
2000 500 16 15.9285
2000 500 64 25.0666
2000 750 1 1
2000 750 2 1.99981
2000 750 4 3.99884
2000 750 8 7.99458
2000 750 16 15.9768
2000 750 64 25.4016
4000 50 1 1
4000 50 2 1.97217
4000 50 4 3.83753
4000 50 8 7.28076
4000 50 16 13.1422
4000 50 64 18.2165
4000 100 1 1
4000 100 2 1.98817
4000 100 4 3.92982
4000 100 8 7.67999
4000 100 16 14.6597
4000 100 64 21.4477
4000 200 1 1
4000 200 2 1.99523
4000 200 4 3.9715
4000 200 8 7.86825
4000 200 16 15.4458
4000 200 64 23.6633
4000 500 1 1
4000 500 2 1.99884
4000 500 4 3.99304
4000 500 8 7.96761
4000 500 16 15.8618
4000 500 64 24.7164
4000 750 1 1
4000 750 2 1.99946
4000 750 4 3.99674
4000 750 8 7.98481
4000 750 16 15.935
4000 750 64 24.9926
4000 1000 1 1
4000 1000 2 1.99972
4000 1000 4 3.9983
4000 1000 8 7.99207
4000 1000 16 15.9661
4000 1000 64 25.13
20000 50 1 1
20000 50 2 1.96748
20000 50 4 3.81104
20000 50 8 7.17044
20000 50 16 12.7719
20000 50 64 17.479
20000 100 1 1
20000 100 2 1.98465
20000 100 4 3.90928
20000 100 8 7.58905
20000 100 16 14.3091
20000 100 64 20.6697
20000 200 1 1
20000 200 2 1.99287
20000 200 4 3.95754
20000 200 8 7.80461
20000 200 16 15.1854
20000 200 64 22.7215
20000 500 1 1
20000 500 2 1.99765
20000 500 4 3.98592
20000 500 8 7.93462
20000 500 16 15.7224
20000 500 64 24.1137
20000 750 1 1
20000 750 2 1.9986
20000 750 4 3.99159
20000 750 8 7.96088
20000 750 16 15.8333
20000 750 64 24.4039
20000 1000 1 1
20000 1000 2 1.99905
20000 1000 4 3.99429
20000 1000 8 7.97339
20000 1000 16 15.8864
20000 1000 64 24.5771
20000 2000 1 1
20000 2000 2 1.99966
20000 2000 4 3.99798
20000 2000 8 7.9906
20000 2000 16 15.9597
20000 2000 64 24.7906
20000 4000 1 1
20000 4000 2 1.99991
20000 4000 4 3.99943
20000 4000 8 7.99735
20000 4000 16 15.9887
20000 4000 64 24.9039
40000 50 1 1
40000 50 2 1.96623
40000 50 4 3.80401
40000 50 8 7.14147
40000 50 16 12.7226
40000 50 64 17.521
40000 100 1 1
40000 100 2 1.98375
40000 100 4 3.90406
40000 100 8 7.56617
40000 100 16 14.2492
40000 100 64 20.645
40000 200 1 1
40000 200 2 1.99234
40000 200 4 3.95438
40000 200 8 7.7903
40000 200 16 15.1274
40000 200 64 22.7481
40000 500 1 1
40000 500 2 1.99727
40000 500 4 3.98364
40000 500 8 7.92408
40000 500 16 15.6781
40000 500 64 24.175
40000 750 1 1
40000 750 2 1.99832
40000 750 4 3.98991
40000 750 8 7.95308
40000 750 16 15.8003
40000 750 64 24.4958
40000 1000 1 1
40000 1000 2 1.99882
40000 1000 4 3.99292
40000 1000 8 7.96703
40000 1000 16 15.8594
40000 1000 64 24.6762
40000 2000 1 1
40000 2000 2 1.99952
40000 2000 4 3.99714
40000 2000 8 7.98667
40000 2000 16 15.943
40000 2000 64 24.912
40000 4000 1 1
40000 4000 2 1.99983
40000 4000 4 3.99899
40000 4000 8 7.99529
40000 4000 16 15.9798
40000 4000 64 25.0275
40000 10000 1 1
40000 10000 2 1.99997
40000 10000 4 3.99983
40000 10000 8 7.9992
40000 10000 16 15.9966
40000 10000 64 25.0852
80000 50 1 1
80000 50 2 1.96533
80000 50 4 3.79897
80000 50 8 7.12077
80000 50 16 12.6523
80000 50 64 17.3562
80000 100 1 1
80000 100 2 1.98307
80000 100 4 3.90009
80000 100 8 7.54877
80000 100 16 14.1833
80000 100 64 20.5229
80000 200 1 1
80000 200 2 1.99185
80000 200 4 3.95149
80000 200 8 7.77722
80000 200 16 15.0747
80000 200 64 22.6118
80000 500 1 1
80000 500 2 1.99699
80000 500 4 3.98201
80000 500 8 7.91655
80000 500 16 15.6466
80000 500 64 24.0716
80000 750 1 1
80000 750 2 1.9981
80000 750 4 3.98862
80000 750 8 7.94711
80000 750 16 15.775
80000 750 64 24.4085
80000 1000 1 1
80000 1000 2 1.99864
80000 1000 4 3.99183
80000 1000 8 7.96199
80000 1000 16 15.838
80000 1000 64 24.5958
80000 2000 1 1
80000 2000 2 1.99941
80000 2000 4 3.99645
80000 2000 8 7.98347
80000 2000 16 15.9293
80000 2000 64 24.8596
80000 4000 1 1
80000 4000 2 1.99976
80000 4000 4 3.99857
80000 4000 8 7.99335
80000 4000 16 15.9715
80000 4000 64 24.9814
80000 10000 1 1
80000 10000 2 1.99994
80000 10000 4 3.99965
80000 10000 8 7.99838
80000 10000 16 15.9931
80000 10000 64 25.0503
160000 50 1 1
160000 50 2 1.96473
160000 50 4 3.79558
160000 50 8 7.1069
160000 50 16 12.6055
160000 50 64 17.2682
160000 100 1 1
160000 100 2 1.9826
160000 100 4 3.89737
160000 100 8 7.5369
160000 100 16 14.1384
160000 100 64 20.451
160000 200 1 1
160000 200 2 1.99153
160000 200 4 3.94959
160000 200 8 7.76865
160000 200 16 15.0402
160000 200 64 22.5603
160000 500 1 1
160000 500 2 1.99679
160000 500 4 3.98081
160000 500 8 7.91104
160000 500 16 15.6235
160000 500 64 24.0078
160000 750 1 1
160000 750 2 1.99793
160000 750 4 3.98762
160000 750 8 7.94245
160000 750 16 15.7554
160000 750 64 24.3516
160000 1000 1 1
160000 1000 2 1.9985
160000 1000 4 3.991
160000 1000 8 7.95813
160000 1000 16 15.8216
160000 1000 64 24.5343
160000 2000 1 1
160000 2000 2 1.99932
160000 2000 4 3.99592
160000 2000 8 7.98097
160000 2000 16 15.9187
160000 2000 64 24.7996
160000 4000 1 1
160000 4000 2 1.9997
160000 4000 4 3.99823
160000 4000 8 7.99174
160000 4000 16 15.9646
160000 4000 64 24.9271
160000 10000 1 1
160000 10000 2 1.99991
160000 10000 4 3.99948
160000 10000 8 7.99758
160000 10000 16 15.9896
160000 10000 64 25.0034