2000 50 0.00219847 1262 0.000244188 8.90573e-10 0.00405169
2000 50 0.00195062 657 0.00026581 9.64038e-10 0.0038515
2000 50 0.00173515 329 0.000207181 5.87686e-10 0.00366775
2000 50 0.00170224 173 0.0002699 9.90224e-10 0.00367748
2000 50 0.00183362 98 0.000271567 9.50327e-10 0.00390877
2000 100 0.007719 2808 0.000255359 8.51801e-10 0.0112329
2000 100 0.00713844 1464 0.000305338 1.1268e-09 0.0108142
2000 100 0.00637969 732 0.000300352 1.21897e-09 0.00999472
2000 100 0.00619509 377 0.000220711 8.38762e-10 0.00993055
2000 100 0.00639725 204 0.000235582 8.71887e-10 0.0103613
2000 200 0.0382152 7102 0.000238246 1.10678e-09 0.0453256
2000 200 0.0313993 3592 0.000228765 9.80302e-10 0.0387747
2000 200 0.0286451 1784 0.000210385 9.95024e-10 0.0360581
2000 200 0.026619 891 0.000229155 1.00925e-09 0.0342539
2000 200 0.0275848 485 0.000191434 7.79017e-10 0.0352447
2000 500 0.458284 36647 0.000168099 2.54202e-09 0.476444
2000 500 0.378448 18050 0.000122377 1.56261e-09 0.397989
2000 500 0.332766 9090 0.000184774 2.88134e-09 0.35201
2000 500 0.315424 4637 0.000135283 1.5148e-09 0.335025
2000 500 0.320506 2451 0.000139887 1.82809e-09 0.340388
2000 750 1.93539 105577 6.23169e-05 1.41812e-09 1.96162
2000 750 1.5753 52321 6.84266e-05 1.8931e-09 1.60414
2000 750 1.38333 25987 9.02263e-05 2.66475e-09 1.41245
2000 750 1.35813 13691 7.71865e-05 1.54447e-09 1.38746
2000 750 1.31986 6901 5.08657e-05 1.21572e-09 1.34921
4000 50 0.00241584 1292 0.000575882 1.01508e-09 0.00603328
4000 50 0.00213435 664 0.000609868 1.0439e-09 0.0057359
4000 50 0.00188021 325 0.000795406 1.50754e-09 0.00537621
4000 50 0.0018669 173 0.000590255 1.02079e-09 0.00567216
4000 50 0.00196317 96 0.000495371 7.68462e-10 0.00563502
4000 100 0.00793479 2736 0.000498237 8.95567e-10 0.0153297
4000 100 0.00696782 1381 0.000590132 8.87081e-10 0.0145672
4000 100 0.00641563 694 0.000484119 8.11187e-10 0.0138905
4000 100 0.00633907 361 0.00044029 8.19915e-10 0.0139149
4000 100 0.00635058 191 0.000520002 7.90849e-10 0.0140479
4000 200 0.0334359 6060 0.000466062 8.82731e-10 0.0478777
4000 200 0.0278301 2990 0.000509623 9.65218e-10 0.0431807
4000 200 0.02509 1510 0.000615062 1.10189e-09 0.0406737
4000 200 0.0237626 766 0.000504187 9.84428e-10 0.0374629
4000 200 0.0244877 411 0.000445921 8.1339e-10 0.0403579
4000 500 0.254143 20078 0.000446988 1.40485e-09 0.291347
4000 500 0.215246 10268 0.000328845 8.44844e-10 0.25393
4000 500 0.191307 5123 0.000337924 8.04782e-10 0.229685
4000 500 0.179108 2577 0.000360144 1.04472e-09 0.217959
4000 500 0.178804 1338 0.000459642 1.12449e-09 0.21811
4000 750 0.787524 42124 0.000265189 1.08186e-09 0.844063
4000 750 0.640986 20904 0.000350719 1.48114e-09 0.69856
4000 750 0.564116 10382 0.000292946 1.10063e-09 0.621972
4000 750 0.525245 5183 0.000293947 1.29054e-09 0.58296
4000 750 0.536422 2752 0.000299764 1.20871e-09 0.593992
4000 1000 1.87922 76543 0.000382504 3.2633e-09 1.95381
4000 1000 1.55711 38499 0.000294608 2.29981e-09 1.63256
4000 1000 1.3746 19174 0.00031788 1.62179e-09 1.45025
4000 1000 1.27883 9543 0.000300424 2.03624e-09 1.34853
4000 1000 1.32563 5140 0.000163706 8.49796e-10 1.40139
20000 50 0.00300584 1249 0.00344627 1.2135e-09 0.0224792
20000 50 0.00275962 644 0.00267134 9.50566e-10 0.0226534
20000 50 0.00242128 317 0.00227852 7.86852e-10 0.0222188
20000 50 0.00251718 172 0.00280532 9.65615e-10 0.0221538
20000 50 0.00255913 93 0.00272101 9.48355e-10 0.0224002
20000 100 0.00888703 2641 0.00244528 7.73257e-10 0.0455791
20000 100 0.00813354 1321 0.00297893 1.03847e-09 0.0465644
20000 100 0.00754828 677 0.00276544 9.56024e-10 0.0460373
20000 100 0.00737666 349 0.00237435 8.4029e-10 0.0460728
20000 100 0.00756535 187 0.00246725 8.49557e-10 0.0465118
20000 200 0.0344489 5428 0.00305221 1.07574e-09 0.109014
20000 200 0.0306565 2775 0.00325682 1.17158e-09 0.100104
20000 200 0.0269737 1399 0.00223073 7.78811e-10 0.101619
20000 200 0.0259561 712 0.00249222 8.61925e-10 0.100579
20000 200 0.0261745 378 0.00256838 9.18093e-10 0.101753
20000 500 0.208042 14829 0.00255781 9.3438e-10 0.389962
20000 500 0.17325 7318 0.00278951 9.76901e-10 0.353888
20000 500 0.155665 3655 0.0027134 9.98326e-10 0.335384
20000 500 0.148778 1866 0.00285898 1.0497e-09 0.330116
20000 500 0.151961 986 0.00313184 1.07709e-09 0.328399
20000 750 0.468221 23069 0.00272268 9.97605e-10 0.736818
20000 750 0.391465 11545 0.00294136 1.04171e-09 0.660711
20000 750 0.349507 5735 0.00263192 9.65224e-10 0.618914
20000 750 0.33761 2946 0.00268452 9.24702e-10 0.603276
20000 750 0.338786 1536 0.00267609 1.00351e-09 0.610352
20000 1000 0.846954 31889 0.00257506 1.01364e-09 1.20372
20000 1000 0.715148 16093 0.002639 9.54693e-10 1.07057
20000 1000 0.641744 8076 0.00268624 1.00653e-09 0.998611
20000 1000 0.609557 4085 0.00280178 1.0649e-09 0.965275
20000 1000 0.612248 2122 0.00295615 9.7616e-10 0.968169
20000 2000 3.93827 77577 0.00234035 1.11204e-09 4.65041
20000 2000 3.31454 39173 0.00207977 9.96532e-10 4.03633
20000 2000 2.96894 19565 0.002093 9.9094e-10 3.67941
20000 2000 2.80548 9862 0.00362098 1.03962e-09 3.51743
20000 2000 2.80483 5100 0.00228523 1.00852e-09 3.52176
20000 4000 25.8512 253087 0.00179879 1.86217e-09 27.2811
20000 4000 21.0404 126365 0.0014236 1.29926e-09 22.4356
20000 4000 18.7448 63986 0.00130481 1.21485e-09 20.1834
20000 4000 17.4177 31813 0.00131241 1.17185e-09 18.8339
20000 4000 17.224 16288 0.00146563 1.39288e-09 18.6481
40000 50 0.00392476 1266 0.00304713 5.24939e-10 0.0397448
40000 50 0.0035996 639 0.00617346 9.22155e-10 0.0388194
40000 50 0.00295807 327 0.00658346 9.94748e-10 0.0423736
40000 50 0.00297087 171 0.00580126 9.26561e-10 0.0371276
40000 50 0.00298242 93 0.00598421 1.05532e-09 0.0422526
40000 100 0.0113146 2590 0.00632943 1.04985e-09 0.0785035
40000 100 0.00945089 1316 0.0051612 7.97607e-10 0.0842107
40000 100 0.00884983 668 0.00567562 9.60524e-10 0.0838163
40000 100 0.0088605 339 0.00586071 9.89167e-10 0.083261
40000 100 0.00908523 188 0.00479084 8.12166e-10 0.0837945
40000 200 0.0376227 5463 0.00659946 1.14923e-09 0.183493
40000 200 0.0328318 2722 0.00585006 1.00761e-09 0.1761
40000 200 0.0308274 1383 0.00543031 9.4666e-10 0.171313
40000 200 0.0292138 700 0.00569271 9.52431e-10 0.172783
40000 200 0.029783 371 0.00515555 8.8676e-10 0.175065
40000 500 0.211514 14371 0.00565575 1.03191e-09 0.570252
40000 500 0.180852 7214 0.00532115 9.68143e-10 0.535924
40000 500 0.163298 3592 0.00595776 1.05642e-09 0.521073
40000 500 0.156433 1838 0.00585435 9.66439e-10 0.511681
40000 500 0.155416 949 0.00658704 1.10856e-09 0.509989
40000 750 0.465921 22123 0.00581596 1.0489e-09 1.00064
40000 750 0.394276 11071 0.00557849 9.93468e-10 0.928636
40000 750 0.355735 5552 0.00594263 1.04277e-09 0.883876
40000 750 0.34119 2830 0.00550937 9.76852e-10 0.872336
40000 750 0.343271 1468 0.00578096 9.91112e-10 0.878007
40000 1000 0.83399 30259 0.00567473 1.02519e-09 1.54684
40000 1000 0.702476 15181 0.00536006 9.62086e-10 1.41438
40000 1000 0.631574 7619 0.00524144 9.30797e-10 1.34622
40000 1000 0.602608 3845 0.00608284 9.96666e-10 1.30888
40000 1000 0.602205 1990 0.00543046 9.96137e-10 1.31019
40000 2000 3.38334 65317 0.00506465 9.86575e-10 4.79821
40000 2000 2.86773 33065 0.00523899 1.00288e-09 4.27851
40000 2000 2.55899 16516 0.00524076 9.6134e-10 3.98228
40000 2000 2.44425 8354 0.00530522 1.04613e-09 3.85757
40000 2000 2.45665 4325 0.00518997 9.89554e-10 3.8496
40000 4000 16.4094 158966 0.00415901 1.01938e-09 19.1882
40000 4000 13.4577 80253 0.00444055 1.10021e-09 16.2803
40000 4000 11.9204 40185 0.00447197 1.07961e-09 14.7325
40000 4000 11.3755 20375 0.00442594 1.05361e-09 14.1515
40000 4000 11.104 10358 0.00424094 1.02494e-09 13.9534
40000 10000 208.4 836419 0.00243082 1.67297e-09 215.506
40000 10000 168.124 416159 0.00256281 1.79661e-09 175.243
40000 10000 149.269 209053 0.00261396 1.87006e-09 156.297
40000 10000 141.291 106076 0.00224231 1.48864e-09 148.31
40000 10000 137.845 53825 0.00242096 1.63048e-09 144.942
80000 50 0.00425204 1271 0.0111872 8.61002e-10 0.0753843
80000 50 0.00458894 637 0.0116626 1.00608e-09 0.0757493
80000 50 0.00418172 322 0.0105145 9.17223e-10 0.0810341
80000 50 0.00453974 175 0.00677281 5.93806e-10 0.081015
80000 50 0.00400102 96 0.0139055 1.08674e-09 0.0807328
80000 100 0.0124694 2627 0.0117752 1.03141e-09 0.158599
80000 100 0.0111719 1308 0.0117637 1.0215e-09 0.156437
80000 100 0.0120847 673 0.0115403 9.78508e-10 0.152262
80000 100 0.0108795 339 0.00906423 7.4435e-10 0.155694
80000 100 0.0113074 185 0.0121707 1.01794e-09 0.155988
80000 200 0.040806 5377 0.0125681 1.0955e-09 0.329556
80000 200 0.0366099 2727 0.0111554 9.84557e-10 0.322184
80000 200 0.0346531 1379 0.0131209 1.1358e-09 0.319456
80000 200 0.0335876 700 0.0128755 1.01525e-09 0.317093
80000 200 0.0338021 371 0.0106646 9.31943e-10 0.31687
80000 500 0.219006 14172 0.0122949 9.88741e-10 0.93204
80000 500 0.188049 7092 0.0112838 9.91253e-10 0.903956
80000 500 0.175298 3595 0.0117284 9.69653e-10 0.882748
80000 500 0.166222 1822 0.012434 1.04911e-09 0.883718
80000 500 0.168693 958 0.0105678 9.35012e-10 0.873422
80000 750 0.475322 21649 0.0116063 1.01718e-09 1.54393
80000 750 0.405101 10829 0.0106337 8.99553e-10 1.46493
80000 750 0.373685 5491 0.0115212 1.00597e-09 1.43287
80000 750 0.353538 2765 0.0103018 9.00187e-10 1.42119
80000 750 0.361615 1455 0.0107662 9.34645e-10 1.43476
80000 1000 0.833942 29303 0.0107214 9.47423e-10 2.24349
80000 1000 0.709353 14724 0.0115539 1.03713e-09 2.11937
80000 1000 0.649012 7448 0.0168704 1.10564e-09 2.07298
80000 1000 0.617721 3766 0.0119009 1.01908e-09 2.02746
80000 1000 0.620701 1950 0.0120557 1.07173e-09 2.0326
80000 2000 3.30332 62350 0.0107995 9.94407e-10 6.12229
80000 2000 2.74231 31066 0.0108628 9.94374e-10 5.57076
80000 2000 2.48131 15633 0.0110482 9.99878e-10 5.2965
80000 2000 2.36121 7871 0.0120415 1.01676e-09 5.15584
80000 2000 2.37209 4076 0.0119628 9.783e-10 5.1945
80000 4000 13.9769 134896 0.0102995 1.00961e-09 19.5969
80000 4000 11.5028 67776 0.0100113 9.906e-10 17.1227
80000 4000 10.2842 34087 0.00991348 9.68899e-10 15.8276
80000 4000 9.60948 17132 0.0102956 9.9611e-10 15.2252
80000 4000 9.68842 8916 0.010162 9.82453e-10 15.4332
80000 10000 114.968 459214 0.00786699 1.1142e-09 129.591
80000 10000 93.0673 229099 0.00768047 1.13443e-09 107.338
80000 10000 82.8009 115108 0.0081513 1.20151e-09 97.042
80000 10000 77.8581 58213 0.00799703 1.08883e-09 92.0641
80000 10000 76.9644 29863 0.00748416 1.0367e-09 91.1705
160000 50 0.00503353 1252 0.0204985 8.85323e-10 0.147705
160000 50 0.00471543 621 0.0302975 1.19283e-09 0.148161
160000 50 0.00538337 323 0.0258006 1.12939e-09 0.148729
160000 50 0.00493778 169 0.0178758 7.64229e-10 0.149503
160000 50 0.00525917 94 0.0223547 9.35045e-10 0.152421
160000 100 0.0138644 2637 0.0219973 9.58878e-10 0.302069
160000 100 0.013847 1326 0.0188263 7.98505e-10 0.298909
160000 100 0.0126514 666 0.0233873 1.02052e-09 0.297102
160000 100 0.0126087 348 0.0236913 9.97572e-10 0.298503
160000 100 0.0140314 187 0.0229856 9.50458e-10 0.30026
160000 200 0.0446642 5409 0.0216723 9.3715e-10 0.618714
160000 200 0.0398909 2711 0.0238634 1.0468e-09 0.605096
160000 200 0.0372788 1351 0.0218659 9.64131e-10 0.600978
160000 200 0.037435 710 0.0294183 1.02782e-09 0.600327
160000 200 0.0388593 372 0.0202892 8.82264e-10 0.60457
160000 500 0.231432 14101 0.0239716 1.04883e-09 1.6382
160000 500 0.201185 7038 0.0226407 9.56864e-10 1.63188
160000 500 0.18818 3558 0.0239257 1.0149e-09 1.59654
160000 500 0.180335 1806 0.021539 9.26736e-10 1.58702
160000 500 0.179691 939 0.0222808 9.44151e-10 1.60318
160000 750 0.491142 21400 0.0229008 1.00207e-09 2.62366
160000 750 0.428328 10886 0.0237872 1.0398e-09 2.53769
160000 750 0.390227 5413 0.0216328 9.42413e-10 2.49741
160000 750 0.372853 2737 0.0236802 1.03716e-09 2.50073
160000 750 0.377208 1431 0.02467 1.01437e-09 2.48254
160000 1000 0.856155 29216 0.0242653 1.06566e-09 3.6657
160000 1000 0.719261 14432 0.0220411 9.58996e-10 3.54964
160000 1000 0.661712 7281 0.025823 1.05199e-09 3.46958
160000 1000 0.641069 3716 0.0226456 9.94163e-10 3.48344
160000 1000 0.638449 1922 0.024673 1.01715e-09 3.45592
160000 2000 3.24832 60487 0.0287592 1.02648e-09 8.79494
160000 2000 2.72471 30301 0.0231715 1.01723e-09 8.38725
160000 2000 2.48357 15313 0.0234842 1.05953e-09 8.09763
160000 2000 2.36193 7690 0.0227265 1.01054e-09 7.99772
160000 2000 2.37416 3991 0.0232257 1.02497e-09 7.98905
160000 4000 13.2288 127419 0.0224464 1.03201e-09 24.65
160000 4000 10.8114 63451 0.0230589 1.01107e-09 22.2093
160000 4000 9.68513 31974 0.0247487 1.00472e-09 21.352
160000 4000 9.21961 16161 0.0219389 9.88393e-10 20.4563
160000 4000 9.14419 8294 0.022441 1.00609e-09 20.4343
160000 10000 90.0526 359266 0.0206365 1.01728e-09 118.046
160000 10000 73.6762 180575 0.0199679 9.87821e-10 101.735
160000 10000 65.3995 90876 0.0215415 1.01172e-09 92.7903
160000 10000 61.4608 45745 0.0194456 9.99337e-10 89.4645
160000 10000 61.7097 23741 0.0191817 9.71602e-10 89.603
