2000 50 1 1
2000 50 2 1.9754
2000 50 4 3.85593
2000 50 8 7.35848
2000 50 10 8.99207
2000 50 12 10.5541
2000 100 1 1
2000 100 2 1.99057
2000 100 4 3.94396
2000 100 8 7.74327
2000 100 10 9.59114
2000 100 12 11.4057
2000 200 1 1
2000 200 2 1.99659
2000 200 4 3.9796
2000 200 8 7.90546
2000 200 10 9.84857
2000 200 12 11.7786
2000 500 1 1
2000 500 2 1.9994
2000 500 4 3.99641
2000 500 8 7.98328
2000 500 10 9.97314
2000 500 12 11.9606
2000 750 1 1
2000 750 2 1.99981
2000 750 4 3.99884
2000 750 8 7.99458
2000 750 10 9.99128
2000 750 12 11.9872
4000 50 1 1
4000 50 2 1.97217
4000 50 4 3.83753
4000 50 8 7.28076
4000 50 10 8.87303
4000 50 12 10.3875
4000 100 1 1
4000 100 2 1.98817
4000 100 4 3.92982
4000 100 8 7.67999
4000 100 10 9.49151
4000 100 12 11.2626
4000 200 1 1
4000 200 2 1.99523
4000 200 4 3.9715
4000 200 8 7.86825
4000 200 10 9.78926
4000 200 12 11.6923
4000 500 1 1
4000 500 2 1.99884
4000 500 4 3.99304
4000 500 8 7.96761
4000 500 10 9.948
4000 500 12 11.9238
4000 750 1 1
4000 750 2 1.99946
4000 750 4 3.99674
4000 750 8 7.98481
4000 750 10 9.97559
4000 750 12 11.9642
4000 1000 1 1
4000 1000 2 1.99972
4000 1000 4 3.9983
4000 1000 8 7.99207
4000 1000 10 9.98726
4000 1000 12 11.9813
20000 50 1 1
20000 50 2 1.96748
20000 50 4 3.81104
20000 50 8 7.17044
20000 50 10 8.70514
20000 50 12 10.154
20000 100 1 1
20000 100 2 1.98465
20000 100 4 3.90928
20000 100 8 7.58905
20000 100 10 9.3491
20000 100 12 11.059
20000 200 1 1
20000 200 2 1.99287
20000 200 4 3.95754
20000 200 8 7.80461
20000 200 10 9.68816
20000 200 12 11.5458
20000 500 1 1
20000 500 2 1.99765
20000 500 4 3.98592
20000 500 8 7.93462
20000 500 10 9.89517
20000 500 12 11.8466
20000 750 1 1
20000 750 2 1.9986
20000 750 4 3.99159
20000 750 8 7.96088
20000 750 10 9.93721
20000 750 12 11.908
20000 1000 1 1
20000 1000 2 1.99905
20000 1000 4 3.99429
20000 1000 8 7.97339
20000 1000 10 9.95728
20000 1000 12 11.9374
20000 2000 1 1
20000 2000 2 1.99966
20000 2000 4 3.99798
20000 2000 8 7.9906
20000 2000 10 9.98489
20000 2000 12 11.9778
20000 4000 1 1
20000 4000 2 1.99991
20000 4000 4 3.99943
20000 4000 8 7.99735
20000 4000 10 9.99575
20000 4000 12 11.9938
40000 50 1 1
40000 50 2 1.96623
40000 50 4 3.80401
40000 50 8 7.14147
40000 50 10 8.66127
40000 50 12 10.0933
40000 100 1 1
40000 100 2 1.98375
40000 100 4 3.90406
40000 100 8 7.56617
40000 100 10 9.31342
40000 100 12 11.0081
40000 200 1 1
40000 200 2 1.99234
40000 200 4 3.95438
40000 200 8 7.7903
40000 200 10 9.66549
40000 200 12 11.513
40000 500 1 1
40000 500 2 1.99727
40000 500 4 3.98364
40000 500 8 7.92408
40000 500 10 9.87832
40000 500 12 11.822
40000 750 1 1
40000 750 2 1.99832
40000 750 4 3.98991
40000 750 8 7.95308
40000 750 10 9.92472
40000 750 12 11.8898
40000 1000 1 1
40000 1000 2 1.99882
40000 1000 4 3.99292
40000 1000 8 7.96703
40000 1000 10 9.94708
40000 1000 12 11.9225
40000 2000 1 1
40000 2000 2 1.99952
40000 2000 4 3.99714
40000 2000 8 7.98667
40000 2000 10 9.97858
40000 2000 12 11.9686
40000 4000 1 1
40000 4000 2 1.99983
40000 4000 4 3.99899
40000 4000 8 7.99529
40000 4000 10 9.99244
40000 4000 12 11.9889
40000 10000 1 1
40000 10000 2 1.99997
40000 10000 4 3.99983
40000 10000 8 7.9992
40000 10000 10 9.99871
40000 10000 12 11.9981
80000 50 1 1
80000 50 2 1.96533
80000 50 4 3.79897
80000 50 8 7.12077
80000 50 10 8.62997
80000 50 12 10.05
80000 100 1 1
80000 100 2 1.98307
80000 100 4 3.90009
80000 100 8 7.54877
80000 100 10 9.28631
80000 100 12 10.9696
80000 200 1 1
80000 200 2 1.99185
80000 200 4 3.95149
80000 200 8 7.77722
80000 200 10 9.64479
80000 200 12 11.4831
80000 500 1 1
80000 500 2 1.99699
80000 500 4 3.98201
80000 500 8 7.91655
80000 500 10 9.86629
80000 500 12 11.8045
80000 750 1 1
80000 750 2 1.9981
80000 750 4 3.98862
80000 750 8 7.94711
80000 750 10 9.91516
80000 750 12 11.8758
80000 1000 1 1
80000 1000 2 1.99864
80000 1000 4 3.99183
80000 1000 8 7.96199
80000 1000 10 9.939
80000 1000 12 11.9107
80000 2000 1 1
80000 2000 2 1.99941
80000 2000 4 3.99645
80000 2000 8 7.98347
80000 2000 10 9.97345
80000 2000 12 11.9611
80000 4000 1 1
80000 4000 2 1.99976
80000 4000 4 3.99857
80000 4000 8 7.99335
80000 4000 10 9.98932
80000 4000 12 11.9843
80000 10000 1 1
80000 10000 2 1.99994
80000 10000 4 3.99965
80000 10000 8 7.99838
80000 10000 10 9.9974
80000 10000 12 11.9962
160000 50 1 1
160000 50 2 1.96473
160000 50 4 3.79558
160000 50 8 7.1069
160000 50 10 8.60903
160000 50 12 10.0211
160000 100 1 1
160000 100 2 1.9826
160000 100 4 3.89737
160000 100 8 7.5369
160000 100 10 9.26784
160000 100 12 10.9434
160000 200 1 1
160000 200 2 1.99153
160000 200 4 3.94959
160000 200 8 7.76865
160000 200 10 9.63123
160000 200 12 11.4635
160000 500 1 1
160000 500 2 1.99679
160000 500 4 3.98081
160000 500 8 7.91104
160000 500 10 9.85748
160000 500 12 11.7916
160000 750 1 1
160000 750 2 1.99793
160000 750 4 3.98762
160000 750 8 7.94245
160000 750 10 9.9077
160000 750 12 11.8649
160000 1000 1 1
160000 1000 2 1.9985
160000 1000 4 3.991
160000 1000 8 7.95813
160000 1000 10 9.93281
160000 1000 12 11.9016
160000 2000 1 1
160000 2000 2 1.99932
160000 2000 4 3.99592
160000 2000 8 7.98097
160000 2000 10 9.96943
160000 2000 12 11.9552
160000 4000 1 1
160000 4000 2 1.9997
160000 4000 4 3.99823
160000 4000 8 7.99174
160000 4000 10 9.98673
160000 4000 12 11.9805
160000 10000 1 1
160000 10000 2 1.99991
160000 10000 4 3.99948
160000 10000 8 7.99758
160000 10000 10 9.99611
160000 10000 12 11.9943
