2000 50 0.00221377 1262 0.000244188 8.90573e-10 0.00406121
2000 50 0.00200358 657 0.000277574 9.87132e-10 0.00386569
2000 50 0.00193741 344 0.000307082 1.03842e-09 0.00382423
2000 50 0.00190203 176 0.000203576 7.05128e-10 0.00376359
2000 50 0.00221824 103 0.000216071 7.68063e-10 0.00426528
2000 100 0.00771834 2808 0.000255359 8.51801e-10 0.0113491
2000 100 0.00704029 1445 0.000258884 9.03957e-10 0.0105765
2000 100 0.00664952 736 0.00028164 1.1541e-09 0.0102879
2000 100 0.00665919 383 0.000295517 1.19666e-09 0.0103271
2000 100 0.00691071 202 0.000296223 1.00843e-09 0.0106755
2000 200 0.0381302 7102 0.000238246 1.10678e-09 0.0451841
2000 200 0.0317311 3508 0.000225777 9.61971e-10 0.0389587
2000 200 0.0290654 1783 0.000208899 1.01764e-09 0.0365577
2000 200 0.0280116 909 0.000201438 9.55118e-10 0.0354582
2000 200 0.0279764 466 0.000195445 8.48745e-10 0.0353118
2000 500 0.456415 36647 0.000168099 2.54202e-09 0.474474
2000 500 0.379065 18418 0.000205361 3.38298e-09 0.396829
2000 500 0.33183 9030 0.000131781 1.80117e-09 0.350178
2000 500 0.316884 4595 0.000155062 1.9626e-09 0.33534
2000 500 0.316696 2369 0.000131801 1.45036e-09 0.335035
2000 750 1.93613 105577 6.23169e-05 1.41812e-09 1.9626
2000 750 1.5831 52504 6.59157e-05 1.7428e-09 1.61018
2000 750 1.40478 26278 6.64961e-05 1.39411e-09 1.4313
2000 750 1.34213 13387 6.27842e-05 1.49376e-09 1.36848
2000 750 1.33494 6885 5.1814e-05 9.56869e-10 1.36177
4000 50 0.00245869 1292 0.000575882 1.01508e-09 0.00610493
4000 50 0.00216323 650 0.000539065 9.95293e-10 0.00581176
4000 50 0.00208205 336 0.000705526 1.21134e-09 0.00571876
4000 50 0.00209625 175 0.000464731 8.73343e-10 0.00580047
4000 50 0.00228867 96 0.000445653 8.05405e-10 0.00609979
4000 100 0.00786432 2736 0.000498237 8.95567e-10 0.0149279
4000 100 0.00701156 1367 0.000635402 1.15756e-09 0.0139097
4000 100 0.00668895 697 0.00064592 1.0093e-09 0.0137183
4000 100 0.0067221 362 0.000716245 1.29856e-09 0.0138461
4000 100 0.00710812 195 0.000598012 1.08705e-09 0.0143301
4000 200 0.0333534 6060 0.000466062 8.82731e-10 0.0514588
4000 200 0.0282973 3037 0.000545608 1.05083e-09 0.0423747
4000 200 0.0256529 1518 0.000504627 9.28064e-10 0.0398001
4000 200 0.0249221 778 0.000517805 9.97463e-10 0.0390836
4000 200 0.0256578 410 0.000516895 1.00916e-09 0.0398202
4000 500 0.254026 20078 0.000446988 1.40485e-09 0.293546
4000 500 0.209975 10003 0.000406105 1.00629e-09 0.245121
4000 500 0.191779 5104 0.000403557 1.16148e-09 0.227057
4000 500 0.182777 2594 0.00038359 1.09993e-09 0.217976
4000 500 0.184152 1341 0.000331698 8.26552e-10 0.219516
4000 750 0.784293 42124 0.000265189 1.08186e-09 0.841991
4000 750 0.637896 20813 0.000276885 1.06633e-09 0.691491
4000 750 0.569995 10454 0.000272404 1.15065e-09 0.622314
4000 750 0.53792 5245 0.000265173 1.0388e-09 0.592223
4000 750 0.532588 2676 0.000488056 1.55845e-09 0.585711
4000 1000 1.88529 76543 0.000382504 3.2633e-09 1.95705
4000 1000 1.56092 38430 0.000253298 1.75088e-09 1.63337
4000 1000 1.38412 19234 0.000288597 2.09653e-09 1.45619
4000 1000 1.29634 9600 0.000273608 1.77762e-09 1.36808
4000 1000 1.29283 4931 0.000230132 1.37741e-09 1.364
20000 50 0.0029284 1249 0.00344627 1.2135e-09 0.0260615
20000 50 0.00267836 630 0.00331986 1.13451e-09 0.0219795
20000 50 0.00263412 327 0.00251584 8.75861e-10 0.0216079
20000 50 0.0026559 169 0.00327029 1.11254e-09 0.0214484
20000 50 0.00284431 92 0.00170649 5.86628e-10 0.0218054
20000 100 0.00892008 2641 0.00244528 7.73257e-10 0.0515447
20000 100 0.00816893 1340 0.00236637 7.95388e-10 0.0439179
20000 100 0.00767149 666 0.00256209 8.78421e-10 0.0436824
20000 100 0.00783327 349 0.00252748 8.98376e-10 0.0437513
20000 100 0.00808767 184 0.00254813 8.65343e-10 0.0453109
20000 200 0.0336951 5428 0.00305221 1.07574e-09 0.111703
20000 200 0.0295332 2782 0.00232853 8.22706e-10 0.100097
20000 200 0.0274497 1408 0.0033722 1.18509e-09 0.0986713
20000 200 0.0265382 715 0.00284829 9.71464e-10 0.0976922
20000 200 0.0272665 377 0.00273204 9.62093e-10 0.0985561
20000 500 0.207233 14829 0.00255781 9.3438e-10 0.406733
20000 500 0.174684 7415 0.00272558 9.9689e-10 0.351601
20000 500 0.159376 3713 0.00263449 9.36975e-10 0.336241
20000 500 0.15186 1879 0.00286911 1.0725e-09 0.328753
20000 500 0.155194 980 0.0035895 1.11926e-09 0.331972
20000 750 0.467519 23069 0.00272268 9.97605e-10 0.768917
20000 750 0.396671 11549 0.00272887 1.01847e-09 0.665384
20000 750 0.356574 5784 0.00260258 9.90275e-10 0.626537
20000 750 0.34267 2946 0.00337365 9.48219e-10 0.60996
20000 750 0.346831 1536 0.0026826 1.01664e-09 0.612217
20000 1000 0.84937 31889 0.00257506 1.01364e-09 1.20319
20000 1000 0.711023 16051 0.00275598 1.00195e-09 1.06657
20000 1000 0.645416 8010 0.00272576 9.85805e-10 1.0003
20000 1000 0.624629 4092 0.00286659 9.80492e-10 0.979004
20000 1000 0.626573 2124 0.00283591 1.01338e-09 0.975237
20000 2000 3.94984 77577 0.00234035 1.11204e-09 4.71457
20000 2000 3.31045 39016 0.00232589 1.1343e-09 4.01679
20000 2000 2.9841 19624 0.00223999 1.07829e-09 3.67915
20000 2000 2.83452 9864 0.00244113 1.08893e-09 3.54114
20000 2000 2.81274 5048 0.00222986 1.002e-09 3.52389
20000 4000 25.8423 253087 0.00179879 1.86217e-09 27.2694
20000 4000 21.1435 126765 0.00145475 1.42798e-09 22.6678
20000 4000 18.7778 63733 0.00136142 1.22326e-09 20.206
20000 4000 17.66 31936 0.00145134 1.32614e-09 19.0674
20000 4000 17.3398 16113 0.00170303 1.53365e-09 18.7656
40000 50 0.00336168 1266 0.00304713 5.24939e-10 0.0471729
40000 50 0.00302846 635 0.00387405 6.57712e-10 0.0401858
40000 50 0.0030842 334 0.00732562 1.25292e-09 0.0380404
40000 50 0.00295509 165 0.00474251 7.67667e-10 0.04157
40000 50 0.00329795 92 0.00468861 7.82458e-10 0.0378924
40000 100 0.010048 2590 0.00632943 1.04985e-09 0.0936224
40000 100 0.00942036 1334 0.00671887 1.08165e-09 0.0826335
40000 100 0.00904426 663 0.00489873 8.26315e-10 0.0818944
40000 100 0.00908924 347 0.00616345 9.49457e-10 0.0811964
40000 100 0.00964208 185 0.00490378 8.60232e-10 0.0786065
40000 200 0.0375357 5463 0.00659946 1.14923e-09 0.20237
40000 200 0.0326306 2721 0.00601444 1.03024e-09 0.175855
40000 200 0.0313984 1409 0.00476409 8.45372e-10 0.174384
40000 200 0.0300248 703 0.00618737 9.43374e-10 0.170864
40000 200 0.0310602 374 0.0051826 9.25558e-10 0.173246
40000 500 0.212052 14371 0.00565575 1.03191e-09 0.619351
40000 500 0.180373 7186 0.00582866 1.0504e-09 0.536429
40000 500 0.164134 3595 0.00650266 1.15184e-09 0.518255
40000 500 0.1606 1851 0.00574137 9.74466e-10 0.52838
40000 500 0.163639 970 0.00587815 1.03992e-09 0.522125
40000 750 0.468525 22123 0.00581596 1.0489e-09 1.04448
40000 750 0.394338 11052 0.0051176 9.42044e-10 0.927593
40000 750 0.360521 5548 0.00607496 1.0418e-09 0.898499
40000 750 0.347366 2827 0.0055008 9.80955e-10 0.88741
40000 750 0.352422 1480 0.00594013 1.02781e-09 0.884904
40000 1000 0.838424 30259 0.00567473 1.02519e-09 1.55276
40000 1000 0.696173 15084 0.00518555 9.36886e-10 1.40802
40000 1000 0.63311 7559 0.00552381 1.01074e-09 1.33965
40000 1000 0.61618 3876 0.00540015 9.98343e-10 1.3254
40000 1000 0.61352 1995 0.00583775 1.00875e-09 1.32837
40000 2000 3.39254 65317 0.00506465 9.86575e-10 4.89303
40000 2000 2.85803 32783 0.00591936 1.00989e-09 4.28465
40000 2000 2.5756 16530 0.0051774 1.01475e-09 4.0016
40000 2000 2.48626 8387 0.00631295 9.94739e-10 3.90353
40000 2000 2.48713 4329 0.00528621 1.02338e-09 3.90553
40000 4000 16.3724 158966 0.00415901 1.01938e-09 19.1924
40000 4000 13.4298 79966 0.00429901 1.03038e-09 16.2883
40000 4000 12.0528 40238 0.00504457 1.05555e-09 14.9058
40000 4000 11.3898 20274 0.00421687 1.04679e-09 14.2063
40000 4000 11.3644 10417 0.00429304 1.04983e-09 14.1893
40000 10000 209.443 836419 0.00243082 1.67297e-09 216.606
40000 10000 170.47 418718 0.00280182 1.81916e-09 177.557
40000 10000 151.241 210381 0.00248752 1.71548e-09 158.409
40000 10000 142.299 105499 0.00257485 1.70159e-09 149.361
40000 10000 139.712 53576 0.00261971 1.14154e-09 146.858
80000 50 0.00418737 1271 0.0111872 8.61002e-10 0.0754699
80000 50 0.00383885 630 0.0134563 1.17436e-09 0.0751289
80000 50 0.00385094 324 0.0105737 9.2409e-10 0.0758967
80000 50 0.00396458 172 0.0116945 8.79658e-10 0.0781434
80000 50 0.00434295 95 0.0133969 1.08838e-09 0.0767161
80000 100 0.0123563 2627 0.0117752 1.03141e-09 0.155047
80000 100 0.0114401 1302 0.00968196 8.33216e-10 0.154541
80000 100 0.0112663 672 0.0109291 9.31624e-10 0.153149
80000 100 0.011416 346 0.0119771 1.00171e-09 0.152636
80000 100 0.012182 187 0.0109417 8.71753e-10 0.153573
80000 200 0.040725 5377 0.0125681 1.0955e-09 0.320202
80000 200 0.0358149 2729 0.0152559 1.1088e-09 0.317075
80000 200 0.0336132 1357 0.0135203 1.16979e-09 0.313169
80000 200 0.0331888 703 0.0117982 1.00052e-09 0.314656
80000 200 0.0354616 370 0.0118038 1.04513e-09 0.317295
80000 500 0.221004 14172 0.0122949 9.88741e-10 0.927807
80000 500 0.188635 7120 0.0153367 1.16664e-09 0.901983
80000 500 0.174814 3590 0.012545 1.07917e-09 0.88188
80000 500 0.166937 1811 0.0124599 1.04513e-09 0.87041
80000 500 0.172099 949 0.0121491 1.04494e-09 0.878174
80000 750 0.478363 21649 0.0116063 1.01718e-09 1.54778
80000 750 0.40831 10871 0.0121688 1.00727e-09 1.46882
80000 750 0.371612 5445 0.0108557 9.60424e-10 1.43151
80000 750 0.362862 2782 0.0115074 9.70179e-10 1.42632
80000 750 0.368544 1448 0.0114122 9.89006e-10 1.4052
80000 1000 0.834764 29303 0.0107214 9.47423e-10 2.26642
80000 1000 0.716027 14815 0.0120096 1.07209e-09 2.14241
80000 1000 0.653535 7458 0.0116625 1.02745e-09 2.06126
80000 1000 0.623802 3754 0.011911 1.06623e-09 2.03014
80000 1000 0.638868 1964 0.0155676 9.76636e-10 2.04968
80000 2000 3.29695 62350 0.0107995 9.94407e-10 6.14195
80000 2000 2.77153 31090 0.0120032 1.05155e-09 5.60722
80000 2000 2.50702 15617 0.011176 1.02651e-09 5.35224
80000 2000 2.39638 7902 0.0115467 1.05172e-09 5.1969
80000 2000 2.41271 4082 0.0104687 9.65038e-10 5.2331
80000 4000 13.9827 134896 0.0102995 1.00961e-09 19.7873
80000 4000 11.476 67389 0.0108693 1.03598e-09 17.1832
80000 4000 10.2218 33901 0.0101847 1.01145e-09 15.8881
80000 4000 9.73882 17098 0.010747 1.01891e-09 15.4705
80000 4000 9.71109 8841 0.0105295 9.45889e-10 15.437
80000 10000 115.125 459214 0.00786699 1.1142e-09 129.35
80000 10000 93.5414 229748 0.00819187 1.14437e-09 107.625
80000 10000 83.2094 115871 0.00813078 1.19911e-09 97.5175
80000 10000 78.2334 58190 0.00785416 1.07998e-09 92.5556
80000 10000 77.0762 29594 0.0075866 1.00968e-09 91.3875
160000 50 0.00499591 1252 0.0204985 8.85323e-10 0.147997
160000 50 0.00472012 638 0.0269104 1.12245e-09 0.149985
160000 50 0.0046079 324 0.0280834 1.14702e-09 0.148337
160000 50 0.00474795 170 0.0230085 1.01007e-09 0.148548
160000 50 0.00516838 93 0.0219726 8.78805e-10 0.147151
160000 100 0.0136398 2637 0.0219973 9.58878e-10 0.294506
160000 100 0.0127353 1310 0.0249711 1.07296e-09 0.296197
160000 100 0.0125322 666 0.024708 1.06473e-09 0.293196
160000 100 0.0126447 340 0.021434 8.77622e-10 0.299116
160000 100 0.0134116 183 0.025091 9.59528e-10 0.293531
160000 200 0.0444181 5409 0.0216723 9.3715e-10 0.608642
160000 200 0.0395928 2717 0.0232523 9.98478e-10 0.604255
160000 200 0.0377782 1378 0.0188237 8.17004e-10 0.601342
160000 200 0.0372236 700 0.0230868 1.0002e-09 0.599391
160000 200 0.0385844 369 0.0229612 9.0084e-10 0.600057
160000 500 0.231812 14101 0.0239716 1.04883e-09 1.66136
160000 500 0.203678 7131 0.0228495 9.88787e-10 1.61442
160000 500 0.186213 3563 0.0213201 9.3549e-10 1.6004
160000 500 0.182135 1799 0.0230111 9.49047e-10 1.59735
160000 500 0.187764 951 0.0243209 9.01503e-10 1.60761
160000 750 0.492738 21400 0.0229008 1.00207e-09 2.61831
160000 750 0.430678 10910 0.0221013 9.74211e-10 2.54351
160000 750 0.393363 5431 0.0243853 9.99218e-10 2.53285
160000 750 0.379019 2761 0.0232395 1.01955e-09 2.51251
160000 750 0.391259 1453 0.023177 9.63487e-10 2.52963
160000 1000 0.860462 29216 0.0242653 1.06566e-09 3.67215
160000 1000 0.724301 14617 0.0221014 9.2634e-10 3.57481
160000 1000 0.666256 7335 0.0227288 9.84828e-10 3.47938
160000 1000 0.642723 3708 0.023309 1.02604e-09 3.4908
160000 1000 0.662926 1945 0.0225315 9.3744e-10 3.50925
160000 2000 3.25203 60487 0.0287592 1.02648e-09 9.88033
160000 2000 2.74711 30339 0.0228286 1.01154e-09 8.69893
160000 2000 2.49232 15243 0.0220175 9.84861e-10 8.1513
160000 2000 2.38204 7692 0.0235092 1.01474e-09 8.11455
160000 2000 2.37914 3968 0.0252406 1.07866e-09 8.03126
160000 4000 13.2786 127419 0.0224464 1.03201e-09 32.4678
160000 4000 10.8983 63688 0.0227116 1.00741e-09 22.2513
160000 4000 9.68375 31792 0.0212217 9.74195e-10 21.1714
160000 4000 9.26965 16094 0.0220449 1.01314e-09 20.7692
160000 4000 9.36336 8410 0.0223804 1.02226e-09 20.7244
160000 10000 90.2006 359266 0.0206365 1.01728e-09 140.512
160000 10000 73.5016 180632 0.019872 9.93334e-10 102.248
160000 10000 65.4204 90830 0.0196377 9.91475e-10 93.7281
160000 10000 62.0883 45973 0.0198055 1.01802e-09 91.1526
160000 10000 61.1407 23519 0.0209492 9.96042e-10 89.8841
