2000 50 0.00173658 1262 0.000581068 2.03938e-09 0.00359047
2000 50 0.00811636 1262 0.000581068 2.03938e-09 0.0099363
2000 50 0.00175249 657 0.000542754 1.89347e-09 0.00363016
2000 50 0.0125467 657 0.000542754 1.89347e-09 0.0144576
2000 50 0.00180253 344 0.000417722 1.35192e-09 0.00368739
2000 50 0.0116614 344 0.000417722 1.35192e-09 0.0135829
2000 50 0.00183292 176 0.000858946 2.82096e-09 0.00378424
2000 50 0.0109527 176 0.000858946 2.82096e-09 0.0131022
2000 50 0.00215249 103 0.000407007 1.39939e-09 0.00420477
2000 50 0.00977857 103 0.000407007 1.39939e-09 0.0122698
2000 50 0.00394824 46 0.000257409 9.25058e-10 0.00666834
2000 50 0.0148811 46 0.000257409 9.25058e-10 0.018548
2000 100 0.00636361 2808 0.000311962 1.08638e-09 0.00989524
2000 100 0.0194241 2808 0.000311962 1.08638e-09 0.0231138
2000 100 0.00634794 1445 0.000374859 1.28277e-09 0.00992501
2000 100 0.0300558 1445 0.000374859 1.28277e-09 0.0336104
2000 100 0.00629473 736 0.000301257 1.18062e-09 0.00989791
2000 100 0.0299643 736 0.000301257 1.18062e-09 0.0338662
2000 100 0.00645409 383 0.000374613 1.56527e-09 0.0103667
2000 100 0.0278131 383 0.000374613 1.56527e-09 0.0316919
2000 100 0.00678026 202 0.000426443 1.57057e-09 0.0106509
2000 100 0.0198828 202 0.000426443 1.57057e-09 0.0239394
2000 100 0.0134158 100 0.000310715 1.39031e-09 0.0178247
2000 100 0.0320274 100 0.000310715 1.39031e-09 0.0378717
2000 200 0.0280943 7102 0.000313931 1.45793e-09 0.0356078
2000 200 0.0581363 7102 0.000313931 1.45793e-09 0.065742
2000 200 0.0264286 3508 0.000251585 1.19508e-09 0.0340241
2000 200 0.0791856 3508 0.000251585 1.19508e-09 0.0866041
2000 200 0.0264203 1783 0.000245969 1.2623e-09 0.0338196
2000 200 0.0846756 1783 0.000245969 1.2623e-09 0.0923286
2000 200 0.0267512 909 0.000309831 1.43549e-09 0.0342499
2000 200 0.0787908 909 0.000309831 1.43549e-09 0.0858288
2000 200 0.0269916 466 0.000212653 8.89749e-10 0.0347855
2000 200 0.0523328 466 0.000212653 8.89749e-10 0.0603674
2000 200 0.0619864 265 0.000279286 2.22242e-09 0.0702656
2000 200 0.0873359 265 0.000279286 2.22242e-09 0.0967301
2000 500 0.314841 36647 0.000196104 2.96962e-09 0.333867
2000 500 0.437238 36647 0.000196104 2.96962e-09 0.456094
2000 500 0.308005 18418 0.000215892 3.50603e-09 0.327107
2000 500 0.763897 18418 0.000215892 3.50603e-09 0.783009
2000 500 0.297805 9030 0.000171985 2.10264e-09 0.31702
2000 500 0.655012 9030 0.000171985 2.10264e-09 0.672035
2000 500 0.30057 4595 0.00018365 2.38901e-09 0.3199
2000 500 0.55754 4595 0.00018365 2.38901e-09 0.576796
2000 500 0.309287 2369 0.000167395 1.48771e-09 0.328757
2000 500 0.360369 2369 0.000167395 1.48771e-09 0.379875
2000 500 0.767131 1471 0.000203683 3.34641e-09 0.787117
2000 500 0.539294 1471 0.000203683 3.34641e-09 0.560214
2000 750 1.30991 105577 7.01441e-05 1.68747e-09 1.3389
2000 750 1.59628 105577 7.01441e-05 1.68747e-09 1.62498
2000 750 1.2666 52504 6.93787e-05 1.62608e-09 1.29608
2000 750 2.93442 52504 6.93787e-05 1.62608e-09 2.96366
2000 750 1.25056 26278 6.12412e-05 1.30768e-09 1.28007
2000 750 2.45239 26278 6.12412e-05 1.30768e-09 2.47857
2000 750 1.26232 13387 8.65722e-05 2.42376e-09 1.29184
2000 750 2.00713 13387 8.65722e-05 2.42376e-09 2.03609
2000 750 1.29602 6885 6.93874e-05 1.32738e-09 1.32552
2000 750 1.25162 6885 6.93874e-05 1.32738e-09 1.27771
2000 750 3.07477 4094 6.17865e-05 1.45826e-09 3.10512
2000 750 1.74801 4094 6.17865e-05 1.45826e-09 1.77577
4000 50 0.00193628 1292 0.00155491 2.28207e-09 0.00559808
4000 50 0.00851606 1292 0.00155491 2.28207e-09 0.0125054
4000 50 0.00191193 650 0.000805109 1.46703e-09 0.00594096
4000 50 0.0119449 650 0.000805109 1.46703e-09 0.0154759
4000 50 0.00193295 336 0.00090751 1.34168e-09 0.00591442
4000 50 0.0114615 336 0.00090751 1.34168e-09 0.0152283
4000 50 0.00200777 175 0.00119916 2.02113e-09 0.0056998
4000 50 0.0109306 175 0.00119916 2.02113e-09 0.0146775
4000 50 0.00222536 96 0.00090996 1.6327e-09 0.00614226
4000 50 0.0088703 96 0.00090996 1.6327e-09 0.0132242
4000 50 0.00404757 43 0.00117576 2.16737e-09 0.00876761
4000 50 0.0139891 43 0.00117576 2.16737e-09 0.0194617
4000 100 0.00653503 2736 0.000528358 9.6204e-10 0.0140037
4000 100 0.0193437 2736 0.000528358 9.6204e-10 0.0266336
4000 100 0.00638098 1367 0.000819084 1.5208e-09 0.0138913
4000 100 0.0290927 1367 0.000819084 1.5208e-09 0.0366292
4000 100 0.00635246 697 0.000643688 1.11932e-09 0.0137062
4000 100 0.0276342 697 0.000643688 1.11932e-09 0.0351727
4000 100 0.00649933 362 0.0007135 1.3432e-09 0.0140305
4000 100 0.0262107 362 0.0007135 1.3432e-09 0.0331522
4000 100 0.00699536 195 0.000599885 1.14043e-09 0.0146036
4000 100 0.019175 195 0.000599885 1.14043e-09 0.0269755
4000 100 0.0125879 88 0.000423281 8.49111e-10 0.0209846
4000 100 0.0280481 88 0.000423281 8.49111e-10 0.0372921
4000 200 0.0247643 6060 0.000576789 9.8341e-10 0.039894
4000 200 0.0506519 6060 0.000576789 9.8341e-10 0.0659715
4000 200 0.023824 3037 0.000676897 1.27007e-09 0.0392996
4000 200 0.0695839 3037 0.000676897 1.27007e-09 0.0830685
4000 200 0.0231704 1518 0.000722594 1.34425e-09 0.038356
4000 200 0.072825 1518 0.000722594 1.34425e-09 0.0883011
4000 200 0.0234626 778 0.000632333 1.24146e-09 0.0389599
4000 200 0.06693 778 0.000632333 1.24146e-09 0.0823158
4000 200 0.0247235 410 0.000643106 1.18603e-09 0.0402984
4000 200 0.0457644 410 0.000643106 1.18603e-09 0.0611428
4000 200 0.0479505 197 0.000843543 2.12377e-09 0.0642008
4000 200 0.0652133 197 0.000843543 2.12377e-09 0.0803287
4000 500 0.176047 20078 0.000483594 1.5393e-09 0.2149
4000 500 0.243687 20078 0.000483594 1.5393e-09 0.281824
4000 500 0.171025 10003 0.000397194 1.01667e-09 0.209925
4000 500 0.402325 10003 0.000397194 1.01667e-09 0.43997
4000 500 0.171574 5104 0.000471841 1.40142e-09 0.209602
4000 500 0.361947 5104 0.000471841 1.40142e-09 0.400046
4000 500 0.17342 2594 0.000417521 1.23017e-09 0.212142
4000 500 0.316674 2594 0.000417521 1.23017e-09 0.354747
4000 500 0.178692 1341 0.000527045 1.02883e-09 0.217034
4000 500 0.19863 1341 0.000527045 1.02883e-09 0.23658
4000 500 0.415755 781 0.000338273 1.32115e-09 0.455582
4000 500 0.296153 781 0.000338273 1.32115e-09 0.331846
4000 750 0.533058 42124 0.000317543 1.25662e-09 0.590349
4000 750 0.652357 42124 0.000317543 1.25662e-09 0.708278
4000 750 0.513239 20813 0.000317417 1.22808e-09 0.570481
4000 750 1.09784 20813 0.000317417 1.22808e-09 1.15447
4000 750 0.507406 10454 0.000325076 1.15215e-09 0.564399
4000 750 0.952321 10454 0.000325076 1.15215e-09 1.00382
4000 750 0.505455 5245 0.000297824 1.21158e-09 0.562459
4000 750 0.784938 5245 0.000297824 1.21158e-09 0.841511
4000 750 0.515385 2676 0.000370722 1.56017e-09 0.572709
4000 750 0.476031 2676 0.000370722 1.56017e-09 0.528081
4000 750 1.23018 1601 0.000272791 1.64087e-09 1.2878
4000 750 0.708364 1601 0.000272791 1.64087e-09 0.761381
4000 1000 1.26581 76543 0.000426126 3.60285e-09 1.34087
4000 1000 1.42796 76543 0.000426126 3.60285e-09 1.50208
4000 1000 1.24752 38430 0.000258205 1.82276e-09 1.32197
4000 1000 2.40921 38430 0.000258205 1.82276e-09 2.48313
4000 1000 1.23031 19234 0.00039953 2.94523e-09 1.30495
4000 1000 2.04232 19234 0.00039953 2.94523e-09 2.11109
4000 1000 1.21738 9600 0.000300088 1.84939e-09 1.2926
4000 1000 1.66057 9600 0.000300088 1.84939e-09 1.73504
4000 1000 1.25152 4931 0.000315757 1.43955e-09 1.32652
4000 1000 0.993712 4931 0.000315757 1.43955e-09 1.06855
4000 1000 3.08982 3054 0.000223578 1.53586e-09 3.16566
4000 1000 1.49181 3054 0.000223578 1.53586e-09 1.56307
20000 50 0.00232154 1249 0.00326969 1.15311e-09 0.0220052
20000 50 0.00869773 1249 0.00326969 1.15311e-09 0.0254907
20000 50 0.00243328 630 0.0044828 1.50047e-09 0.0219966
20000 50 0.0117405 630 0.0044828 1.50047e-09 0.0308461
20000 50 0.00247386 327 0.00277821 1.00172e-09 0.0223237
20000 50 0.011033 327 0.00277821 1.00172e-09 0.0306925
20000 50 0.00257448 169 0.00411681 1.43553e-09 0.0222122
20000 50 0.0105557 169 0.00411681 1.43553e-09 0.0300179
20000 50 0.00279831 92 0.00587905 2.09942e-09 0.0226285
20000 50 0.00872676 92 0.00587905 2.09942e-09 0.026212
20000 50 0.00493389 41 0.00352524 1.1032e-09 0.0251206
20000 50 0.0131482 41 0.00352524 1.1032e-09 0.0317544
20000 100 0.00753497 2641 0.00301499 1.0589e-09 0.045447
20000 100 0.0200631 2641 0.00301499 1.0589e-09 0.057432
20000 100 0.00752812 1340 0.00303382 9.94374e-10 0.0460319
20000 100 0.0294964 1340 0.00303382 9.94374e-10 0.067787
20000 100 0.00730073 666 0.00404135 1.41007e-09 0.0454177
20000 100 0.0272583 666 0.00404135 1.41007e-09 0.0649951
20000 100 0.00757123 349 0.00320843 1.12406e-09 0.0457994
20000 100 0.0254765 349 0.00320843 1.12406e-09 0.0635885
20000 100 0.00796285 184 0.00318823 1.11515e-09 0.0462688
20000 100 0.0179188 184 0.00318823 1.11515e-09 0.0559459
20000 100 0.013777 80 0.00355357 1.25413e-09 0.0524925
20000 100 0.025606 80 0.00355357 1.25413e-09 0.065264
20000 200 0.025808 5428 0.00405998 1.43427e-09 0.101412
20000 200 0.0502298 5428 0.00405998 1.43427e-09 0.117981
20000 200 0.0254611 2782 0.00260652 8.44352e-10 0.100315
20000 200 0.0686331 2782 0.00260652 8.44352e-10 0.137258
20000 200 0.0253551 1408 0.00363801 1.17149e-09 0.100191
20000 200 0.0672655 1408 0.00363801 1.17149e-09 0.135945
20000 200 0.0256546 715 0.0029138 1.02082e-09 0.10075
20000 200 0.0618609 715 0.0029138 1.02082e-09 0.135325
20000 200 0.026888 377 0.00279081 9.94702e-10 0.101914
20000 200 0.0424612 377 0.00279081 9.94702e-10 0.11146
20000 200 0.0443038 157 0.00299451 1.14248e-09 0.11971
20000 200 0.0526623 157 0.00299451 1.14248e-09 0.128015
20000 500 0.149261 14829 0.00277895 1.0157e-09 0.329617
20000 500 0.198793 14829 0.00277895 1.0157e-09 0.377333
20000 500 0.145261 7415 0.00304361 1.11986e-09 0.326029
20000 500 0.302353 7415 0.00304361 1.11986e-09 0.480223
20000 500 0.144111 3713 0.00281284 9.90563e-10 0.325327
20000 500 0.265212 3713 0.00281284 9.90563e-10 0.443002
20000 500 0.145665 1879 0.00295534 1.10097e-09 0.327086
20000 500 0.228631 1879 0.00295534 1.10097e-09 0.405492
20000 500 0.1514 980 0.00326454 1.19532e-09 0.332426
20000 500 0.13853 980 0.00326454 1.19532e-09 0.31313
20000 500 0.271039 441 0.00294534 1.28564e-09 0.452315
20000 500 0.169382 441 0.00294534 1.28564e-09 0.343135
20000 750 0.32961 23069 0.00292886 1.11205e-09 0.598847
20000 750 0.391656 23069 0.00292886 1.11205e-09 0.656238
20000 750 0.322166 11549 0.00342377 1.08047e-09 0.591767
20000 750 0.649534 11549 0.00342377 1.08047e-09 0.913632
20000 750 0.319725 5784 0.00281784 1.02898e-09 0.586482
20000 750 0.517554 5784 0.00281784 1.02898e-09 0.780524
20000 750 0.322563 2946 0.00281624 9.83881e-10 0.589097
20000 750 0.414697 2946 0.00281624 9.83881e-10 0.673971
20000 750 0.336113 1536 0.00308283 1.13315e-09 0.603071
20000 750 0.265553 1536 0.00308283 1.13315e-09 0.526238
20000 750 0.632272 720 0.00285242 1.29105e-09 0.900924
20000 750 0.30056 720 0.00285242 1.29105e-09 0.565293
20000 1000 0.595051 31889 0.00332904 1.2456e-09 0.952622
20000 1000 0.65501 31889 0.00332904 1.2456e-09 1.00617
20000 1000 0.586519 16051 0.00262727 1.04421e-09 0.945094
20000 1000 1.08775 16051 0.00262727 1.04421e-09 1.43658
20000 1000 0.575773 8010 0.00262488 9.99415e-10 0.931336
20000 1000 0.86487 8010 0.00262488 9.99415e-10 1.21515
20000 1000 0.584946 4092 0.00294777 1.04815e-09 0.938659
20000 1000 0.679626 4092 0.00294777 1.04815e-09 1.03104
20000 1000 0.606482 2124 0.00348962 1.13681e-09 0.96466
20000 1000 0.412668 2124 0.00348962 1.13681e-09 0.762639
20000 1000 1.19979 1053 0.00281354 1.533e-09 1.56223
20000 1000 0.501925 1053 0.00281354 1.533e-09 0.856058
20000 2000 2.7199 77577 0.0024633 1.26378e-09 3.4308
20000 2000 2.68899 77577 0.0024633 1.26378e-09 3.38943
20000 2000 2.70033 39016 0.00244324 1.21592e-09 3.41057
20000 2000 4.12897 39016 0.00244324 1.21592e-09 4.83728
20000 2000 2.67535 19624 0.00231091 1.13352e-09 3.38868
20000 2000 3.01075 19624 0.00231091 1.13352e-09 3.72197
20000 2000 2.66586 9864 0.00247925 1.12673e-09 3.38466
20000 2000 2.21112 9864 0.00247925 1.12673e-09 2.9172
20000 2000 2.72133 5048 0.00219376 1.04913e-09 3.43269
20000 2000 1.43482 5048 0.00219376 1.04913e-09 2.13506
20000 2000 6.25528 2893 0.00178204 1.31075e-09 6.97708
20000 2000 1.92315 2893 0.00178204 1.31075e-09 2.62611
20000 4000 17.8735 253087 0.00178905 1.90959e-09 19.2929
20000 4000 15.4685 253087 0.00178905 1.90959e-09 16.8673
20000 4000 16.9445 126765 0.00153863 1.49639e-09 18.3648
20000 4000 24.595 126765 0.00153863 1.49639e-09 26.0041
20000 4000 16.658 63733 0.00151788 1.2831e-09 18.0749
20000 4000 17.5003 63733 0.00151788 1.2831e-09 18.8842
20000 4000 16.5343 31936 0.00142287 1.36398e-09 17.9532
20000 4000 12.1112 31936 0.00142287 1.36398e-09 13.5117
20000 4000 16.7173 16113 0.00182769 1.62141e-09 18.1393
20000 4000 7.79159 16113 0.00182769 1.62141e-09 9.21192
20000 4000 40.9351 9920 0.0020346 2.74157e-09 42.3569
20000 4000 11.3372 9920 0.0020346 2.74157e-09 12.7513
40000 50 0.00290105 1266 0.0143324 2.43352e-09 0.0415377
40000 50 0.00937438 1266 0.0143324 2.43352e-09 0.0436338
40000 50 0.00281956 635 0.00509982 9.00233e-10 0.0417765
40000 50 0.0118206 635 0.00509982 9.00233e-10 0.0504693
40000 50 0.00295503 334 0.0105623 1.85626e-09 0.0416821
40000 50 0.0115954 334 0.0105623 1.85626e-09 0.0453474
40000 50 0.0028989 165 0.00897834 1.44463e-09 0.0418703
40000 50 0.0103691 165 0.00897834 1.44463e-09 0.0489903
40000 50 0.00324754 92 0.00885972 1.55516e-09 0.0421564
40000 50 0.00878177 92 0.00885972 1.55516e-09 0.04773
40000 50 0.0056735 41 0.00945723 1.3436e-09 0.0454385
40000 50 0.013132 41 0.00945723 1.3436e-09 0.0532913
40000 100 0.00870499 2590 0.00647444 1.12671e-09 0.0825601
40000 100 0.0210081 2590 0.00647444 1.12671e-09 0.094022
40000 100 0.009052 1334 0.00669873 1.06178e-09 0.0841503
40000 100 0.0299695 1334 0.00669873 1.06178e-09 0.103054
40000 100 0.00864856 663 0.00690471 1.18571e-09 0.0840144
40000 100 0.0278579 663 0.00690471 1.18571e-09 0.101809
40000 100 0.00891535 347 0.0105603 1.67204e-09 0.0832759
40000 100 0.025152 347 0.0105603 1.67204e-09 0.0938675
40000 100 0.00950442 185 0.00627247 1.10964e-09 0.0834813
40000 100 0.018078 185 0.00627247 1.10964e-09 0.0917613
40000 100 0.0157032 78 0.00461204 8.20425e-10 0.0911814
40000 100 0.0249203 78 0.00461204 8.20425e-10 0.0954659
40000 200 0.0296821 5463 0.00708157 1.11674e-09 0.173825
40000 200 0.0530499 5463 0.00708157 1.11674e-09 0.195877
40000 200 0.0287098 2721 0.00586618 1.01971e-09 0.175082
40000 200 0.0687422 2721 0.00586618 1.01971e-09 0.209751
40000 200 0.029243 1409 0.00604359 1.07248e-09 0.173946
40000 200 0.0673384 1409 0.00604359 1.07248e-09 0.204812
40000 200 0.0290332 703 0.00628879 1.00564e-09 0.174048
40000 200 0.0618888 703 0.00628879 1.00564e-09 0.204311
40000 200 0.0307008 374 0.00533869 9.60333e-10 0.175038
40000 200 0.0416314 374 0.00533869 9.60333e-10 0.184987
40000 200 0.0499374 153 0.00674197 1.23333e-09 0.195242
40000 200 0.0520351 153 0.00674197 1.23333e-09 0.19195
40000 500 0.155151 14371 0.00777731 1.12535e-09 0.51064
40000 500 0.203236 14371 0.00777731 1.12535e-09 0.553322
40000 500 0.151769 7186 0.00606724 1.09944e-09 0.50719
40000 500 0.302678 7186 0.00606724 1.09944e-09 0.654682
40000 500 0.149211 3595 0.00654603 1.18605e-09 0.504916
40000 500 0.25389 3595 0.00654603 1.18605e-09 0.602445
40000 500 0.152555 1851 0.00625997 1.00363e-09 0.507001
40000 500 0.21925 1851 0.00625997 1.00363e-09 0.573376
40000 500 0.159908 970 0.00694839 1.20807e-09 0.515159
40000 500 0.133012 970 0.00694839 1.20807e-09 0.483515
40000 500 0.268785 407 0.00513029 7.93018e-10 0.626669
40000 500 10.3862 407 0.00513029 7.93018e-10 10.8408
40000 750 0.33479 22123 0.00605747 1.09467e-09 0.867237
40000 750 0.395551 22123 0.00605747 1.09467e-09 0.918014
40000 750 0.325641 11052 0.00619625 1.09053e-09 0.864331
40000 750 0.619678 11052 0.00619625 1.09053e-09 1.14373
40000 750 0.324947 5548 0.00665461 1.17131e-09 0.857303
40000 750 0.485646 5548 0.00665461 1.17131e-09 1.01153
40000 750 0.326841 2827 0.00675709 1.02502e-09 0.860946
40000 750 0.398817 2827 0.00675709 1.02502e-09 0.92294
40000 750 0.342044 1480 0.00680326 1.22311e-09 0.877499
40000 750 0.254927 1480 0.00680326 1.22311e-09 0.779959
40000 750 0.587723 634 0.00637466 1.08141e-09 1.11759
40000 750 0.260557 634 0.00637466 1.08141e-09 0.787803
40000 1000 0.585813 30259 0.00636767 1.08658e-09 1.29583
40000 1000 0.647864 30259 0.00636767 1.08658e-09 1.34355
40000 1000 0.574957 15084 0.00601236 1.08534e-09 1.2838
40000 1000 0.999965 15084 0.00601236 1.08534e-09 1.70063
40000 1000 0.56972 7559 0.00578193 1.05191e-09 1.28288
40000 1000 0.787778 7559 0.00578193 1.05191e-09 1.48665
40000 1000 0.581085 3876 0.00636969 1.1037e-09 1.29061
40000 1000 0.635742 3876 0.00636969 1.1037e-09 1.32929
40000 1000 0.59919 1995 0.00570811 1.0387e-09 1.31058
40000 1000 0.387574 1995 0.00570811 1.0387e-09 1.08581
40000 1000 1.08102 897 0.00590927 1.12e-09 1.794
40000 1000 0.461364 897 0.00590927 1.12e-09 1.16013
40000 2000 2.51371 65317 0.00599591 1.03716e-09 3.93885
40000 2000 2.40577 65317 0.00599591 1.03716e-09 4.33695
40000 2000 2.33025 32783 0.00514578 1.01255e-09 3.75187
40000 2000 3.50298 32783 0.00514578 1.01255e-09 4.90245
40000 2000 2.31849 16530 0.00517721 1.01597e-09 3.73973
40000 2000 2.55784 16530 0.00517721 1.01597e-09 3.95894
40000 2000 2.32744 8387 0.00530108 1.03301e-09 3.75847
40000 2000 1.89668 8387 0.00530108 1.03301e-09 3.31614
40000 2000 2.40481 4329 0.00644845 1.03656e-09 3.82515
40000 2000 1.23577 4329 0.00644845 1.03656e-09 2.65356
40000 2000 4.76861 2148 0.00672732 1.66228e-09 6.19358
40000 2000 1.43551 2148 0.00672732 1.66228e-09 2.83741
40000 4000 11.2538 158966 0.00447232 1.10178e-09 14.0998
40000 4000 9.87085 158966 0.00447232 1.10178e-09 12.6569
40000 4000 10.9313 79966 0.00448342 1.07205e-09 13.7992
40000 4000 15.2581 79966 0.00448342 1.07205e-09 18.0448
40000 4000 10.7589 40238 0.00427658 1.06875e-09 13.5831
40000 4000 10.9668 40238 0.00427658 1.06875e-09 13.7516
40000 4000 10.6453 20274 0.00437591 1.08341e-09 13.4957
40000 4000 7.6945 20274 0.00437591 1.08341e-09 10.4817
40000 4000 10.9572 10417 0.00503325 1.24991e-09 13.8298
40000 4000 5.10673 10417 0.00503325 1.24991e-09 7.89883
40000 4000 27.4244 5879 0.00501015 1.77834e-09 31.43
40000 4000 6.75891 5879 0.00501015 1.77834e-09 10.6867
40000 10000 141.991 836419 0.00254306 1.71342e-09 149.172
40000 10000 116.52 836419 0.00254306 1.71342e-09 123.387
40000 10000 135.842 418718 0.00264484 1.81156e-09 142.917
40000 10000 159.857 418718 0.00264484 1.81156e-09 166.922
40000 10000 133.642 210381 0.00246372 1.73162e-09 140.808
40000 10000 120.699 210381 0.00246372 1.73162e-09 127.764
40000 10000 132.176 105499 0.00272793 1.73576e-09 139.296
40000 10000 87.42 105499 0.00272793 1.73576e-09 94.4847
40000 10000 133.65 53576 0.00240945 1.15321e-09 140.713
40000 10000 56.3728 53576 0.00240945 1.15321e-09 63.4222
40000 10000 330.389 33187 0.00220419 1.89551e-09 337.618
40000 10000 87.2522 33187 0.00220419 1.89551e-09 94.3369
80000 50 0.00372725 1271 0.0161229 1.40146e-09 0.0786674
80000 50 0.0102794 1271 0.0161229 1.40146e-09 0.0848322
80000 50 0.00364156 630 0.0193218 1.654e-09 0.0791325
80000 50 0.0121084 630 0.0193218 1.654e-09 0.0815986
80000 50 0.00374417 324 0.0188421 1.65959e-09 0.0789528
80000 50 0.0111595 324 0.0188421 1.65959e-09 0.0861819
80000 50 0.00395241 172 0.014046 1.20418e-09 0.0791458
80000 50 0.0107968 172 0.014046 1.20418e-09 0.0843418
80000 50 0.00442184 95 0.0159904 1.28989e-09 0.0795848
80000 50 0.00878006 95 0.0159904 1.28989e-09 0.0788345
80000 50 0.007377 42 0.0201248 1.67363e-09 0.0834782
80000 50 0.0136726 42 0.0201248 1.67363e-09 0.0849637
80000 100 0.0117439 2627 0.0145712 1.26191e-09 0.156568
80000 100 0.0233901 2627 0.0145712 1.26191e-09 0.165937
80000 100 0.0107883 1302 0.0161278 1.32236e-09 0.155413
80000 100 0.0301004 1302 0.0161278 1.32236e-09 0.172589
80000 100 0.0113075 672 0.0132654 1.15961e-09 0.156007
80000 100 0.0281471 672 0.0132654 1.15961e-09 0.166081
80000 100 0.0111496 346 0.0160561 1.35344e-09 0.154504
80000 100 0.0252195 346 0.0160561 1.35344e-09 0.168724
80000 100 0.0114009 187 0.0126869 1.09754e-09 0.155597
80000 100 0.0183619 187 0.0126869 1.09754e-09 0.161536
80000 100 0.0198797 79 0.0142723 8.50066e-10 0.165064
80000 100 0.0251932 79 0.0142723 8.50066e-10 0.16453
80000 200 0.0328446 5377 0.0132127 1.16409e-09 0.317416
80000 200 0.0551338 5377 0.0132127 1.16409e-09 0.3355
80000 200 0.033447 2729 0.0154921 1.35205e-09 0.31882
80000 200 0.0714038 2729 0.0154921 1.35205e-09 0.351079
80000 200 0.0320029 1357 0.0130339 1.15205e-09 0.319143
80000 200 0.0650901 1357 0.0130339 1.15205e-09 0.344414
80000 200 0.0334999 703 0.0121831 1.0505e-09 0.317127
80000 200 0.0602324 703 0.0121831 1.0505e-09 0.343679
80000 200 0.034437 370 0.0161398 1.37207e-09 0.317884
80000 200 0.0413004 370 0.0161398 1.37207e-09 0.319442
80000 200 0.0564546 153 0.0327391 1.5168e-09 0.339514
80000 200 0.0505491 153 0.0327391 1.5168e-09 0.329911
80000 500 0.162561 14172 0.0125702 1.09676e-09 0.872831
80000 500 0.211075 14172 0.0125702 1.09676e-09 0.909162
80000 500 0.163687 7120 0.0133074 1.1909e-09 0.87769
80000 500 0.29965 7120 0.0133074 1.1909e-09 0.996597
80000 500 0.158983 3590 0.0126379 1.10481e-09 0.877239
80000 500 0.255348 3590 0.0126379 1.10481e-09 0.958918
80000 500 0.160619 1811 0.0150043 1.10277e-09 0.879044
80000 500 0.21216 1811 0.0150043 1.10277e-09 0.909665
80000 500 0.167749 949 0.0120907 1.05922e-09 0.876753
80000 500 0.128388 949 0.0120907 1.05922e-09 0.835969
80000 500 0.276046 390 0.0123501 1.05789e-09 0.98419
80000 500 0.14453 390 0.0123501 1.05789e-09 0.845741
80000 750 0.346591 21649 0.0124298 1.01936e-09 1.41108
80000 750 0.405348 21649 0.0124298 1.01936e-09 1.45614
80000 750 0.339823 10871 0.0118038 1.03125e-09 1.40328
80000 750 0.614175 10871 0.0118038 1.03125e-09 1.69558
80000 750 0.339097 5445 0.0119267 1.03545e-09 1.40163
80000 750 0.483825 5445 0.0119267 1.03545e-09 1.52868
80000 750 0.341615 2782 0.0112444 9.8964e-10 1.41974
80000 750 0.387798 2782 0.0112444 9.8964e-10 1.43358
80000 750 0.354207 1448 0.0121398 1.06888e-09 1.41691
80000 750 0.245898 1448 0.0121398 1.06888e-09 1.29431
80000 750 0.5939 602 0.0148392 1.33499e-09 1.66517
80000 750 0.248817 602 0.0148392 1.33499e-09 1.31324
80000 1000 0.595789 29303 0.0118306 1.05181e-09 2.00901
80000 1000 0.659964 29303 0.0118306 1.05181e-09 2.05829
80000 1000 0.594602 14815 0.0127539 1.1403e-09 2.02286
80000 1000 1.01904 14815 0.0127539 1.1403e-09 2.4314
80000 1000 0.589834 7458 0.0118321 1.05535e-09 2.0097
80000 1000 0.797533 7458 0.0118321 1.05535e-09 2.20044
80000 1000 0.593352 3754 0.0127493 1.12847e-09 2.01218
80000 1000 0.611819 3754 0.0127493 1.12847e-09 2.02754
80000 1000 0.619956 1964 0.0141729 1.26291e-09 2.05206
80000 1000 0.376227 1964 0.0141729 1.26291e-09 1.76995
80000 1000 1.03778 823 0.0107561 1.03635e-09 2.43122
80000 1000 0.388437 823 0.0107561 1.03635e-09 1.78418
80000 2000 2.29994 62350 0.0107983 9.74189e-10 5.09107
80000 2000 2.29181 62350 0.0107983 9.74189e-10 5.0852
80000 2000 2.2681 31090 0.0117901 1.08566e-09 5.09466
80000 2000 3.34313 31090 0.0117901 1.08566e-09 6.12599
80000 2000 2.24794 15617 0.0131543 1.05122e-09 5.07199
80000 2000 2.44759 15617 0.0131543 1.05122e-09 5.23316
80000 2000 2.25674 7902 0.0115587 1.02844e-09 5.11059
80000 2000 1.77486 7902 0.0115587 1.02844e-09 4.59577
80000 2000 2.33912 4082 0.0118238 1.04412e-09 5.19901
80000 2000 1.16411 4082 0.0118238 1.04412e-09 3.94943
80000 2000 4.18256 1823 0.0111337 1.19395e-09 7.01056
80000 2000 1.22794 1823 0.0111337 1.19395e-09 4.01659
80000 4000 9.67683 134896 0.0105279 1.02759e-09 15.3999
80000 4000 8.46919 134896 0.0105279 1.02759e-09 14.0448
80000 4000 9.25105 67389 0.0113769 1.10881e-09 14.9637
80000 4000 12.5131 67389 0.0113769 1.10881e-09 18.0548
80000 4000 9.15264 33901 0.0103614 1.02209e-09 14.8211
80000 4000 9.00373 33901 0.0103614 1.02209e-09 14.5521
80000 4000 9.13012 17098 0.0106162 1.02478e-09 14.797
80000 4000 6.46945 17098 0.0106162 1.02478e-09 12.018
80000 4000 9.40928 8841 0.0106055 9.73691e-10 15.1612
80000 4000 4.26992 8841 0.0106055 9.73691e-10 9.8887
80000 4000 18.5522 4368 0.0126304 1.61214e-09 24.1822
80000 4000 5.03225 4368 0.0126304 1.61214e-09 10.5838
80000 10000 78.4127 459214 0.00778634 1.13627e-09 92.7591
80000 10000 64.5173 459214 0.00778634 1.13627e-09 78.607
80000 10000 74.8814 229748 0.00788733 1.16988e-09 89.1937
80000 10000 89.6 229748 0.00788733 1.16988e-09 103.498
80000 10000 73.9366 115871 0.00838652 1.21909e-09 88.0049
80000 10000 66.2301 115871 0.00838652 1.21909e-09 80.1575
80000 10000 73.4715 58190 0.00774157 1.10405e-09 87.5274
80000 10000 46.839 58190 0.00774157 1.10405e-09 60.9031
80000 10000 74.3322 29594 0.00764567 1.04873e-09 88.3907
80000 10000 31.0209 29594 0.00764567 1.04873e-09 44.9481
80000 10000 172.015 17236 0.00847302 1.81433e-09 186.092
80000 10000 45.3086 17236 0.00847302 1.81433e-09 59.2479
160000 50 0.00529224 1252 0.0365662 1.55772e-09 0.151592
160000 50 0.0108107 1252 0.0365662 1.55772e-09 0.154384
160000 50 0.00444508 638 0.0467859 2.03409e-09 0.150939
160000 50 0.0129957 638 0.0467859 2.03409e-09 0.15842
160000 50 0.00494421 324 0.0454372 1.61733e-09 0.150638
160000 50 0.0115992 324 0.0454372 1.61733e-09 0.156674
160000 50 0.00471805 170 0.0244482 1.01189e-09 0.151103
160000 50 0.0107881 170 0.0244482 1.01189e-09 0.150808
160000 50 0.00517253 93 0.0357101 1.53731e-09 0.150274
160000 50 0.0087813 93 0.0357101 1.53731e-09 0.147937
160000 50 0.00889621 41 0.0262589 1.12566e-09 0.156117
160000 50 0.0129935 41 0.0262589 1.12566e-09 0.159693
160000 100 0.0124146 2637 0.0255795 1.11375e-09 0.295962
160000 100 0.0248836 2637 0.0255795 1.11375e-09 0.304746
160000 100 0.0130075 1310 0.0257202 1.12622e-09 0.29761
160000 100 0.0313764 1310 0.0257202 1.12622e-09 0.306594
160000 100 0.0122806 666 0.0315804 1.23226e-09 0.296362
160000 100 0.0284028 666 0.0315804 1.23226e-09 0.306745
160000 100 0.0124228 340 0.0294525 1.27383e-09 0.300165
160000 100 0.0249161 340 0.0294525 1.27383e-09 0.307627
160000 100 0.0134947 183 0.0191673 8.13451e-10 0.297746
160000 100 0.017988 183 0.0191673 8.13451e-10 0.2985
160000 100 0.0229259 77 0.032961 1.35867e-09 0.30705
160000 100 0.0246255 77 0.032961 1.35867e-09 0.305085
160000 200 0.0371731 5409 0.0237066 9.78544e-10 0.608055
160000 200 0.0601486 5409 0.0237066 9.78544e-10 0.617252
160000 200 0.0363769 2717 0.0306773 1.35093e-09 0.601544
160000 200 0.0736181 2717 0.0306773 1.35093e-09 0.627958
160000 200 0.0360979 1378 0.0240605 1.03893e-09 0.599676
160000 200 0.0678529 1378 0.0240605 1.03893e-09 0.629274
160000 200 0.036273 700 0.0287957 1.14409e-09 0.591245
160000 200 0.0602214 700 0.0287957 1.14409e-09 0.621675
160000 200 0.0386199 369 0.0274308 1.15177e-09 0.60755
160000 200 0.0409339 369 0.0274308 1.15177e-09 0.586485
160000 200 0.0633768 153 0.0334706 1.4694e-09 0.627936
160000 200 0.0505673 153 0.0334706 1.4694e-09 0.60698
160000 500 0.17575 14101 0.0256375 1.11693e-09 1.6093
160000 500 0.22339 14101 0.0256375 1.11693e-09 1.61631
160000 500 0.176706 7131 0.0249535 1.08622e-09 1.59098
160000 500 0.310567 7131 0.0249535 1.08622e-09 1.70362
160000 500 0.173714 3563 0.0228386 9.55208e-10 1.58863
160000 500 0.249011 3563 0.0228386 9.55208e-10 1.64241
160000 500 0.172586 1799 0.0235765 1.03029e-09 1.56675
160000 500 0.208111 1799 0.0235765 1.03029e-09 1.59945
160000 500 0.181753 951 0.0261245 1.11389e-09 1.5959
160000 500 0.127421 951 0.0261245 1.11389e-09 1.51991
160000 500 0.295018 383 0.026807 1.19115e-09 1.72315
160000 500 0.141655 383 0.026807 1.19115e-09 1.55078
160000 750 0.364212 21400 0.0273828 1.19054e-09 2.48333
160000 750 0.429295 21400 0.0273828 1.19054e-09 2.5122
160000 750 0.3644 10910 0.0235317 1.03854e-09 2.50972
160000 750 0.63151 10910 0.0235317 1.03854e-09 2.71526
160000 750 0.360381 5431 0.0254582 1.06506e-09 2.47454
160000 750 0.485811 5431 0.0254582 1.06506e-09 2.56702
160000 750 0.36429 2761 0.0245182 1.05889e-09 2.48112
160000 750 0.374189 2761 0.0245182 1.05889e-09 2.4574
160000 750 0.378931 1453 0.0234753 1.02028e-09 2.51768
160000 750 0.246975 1453 0.0234753 1.02028e-09 2.3597
160000 750 0.613558 584 0.0256134 1.06436e-09 2.73039
160000 750 0.239403 584 0.0256134 1.06436e-09 2.32368
160000 1000 0.623395 29216 0.0253517 1.10172e-09 3.44183
160000 1000 0.684855 29216 0.0253517 1.10172e-09 3.45944
160000 1000 0.612146 14617 0.0220383 9.43419e-10 3.43268
160000 1000 1.01706 14617 0.0220383 9.43419e-10 3.79206
160000 1000 0.612663 7335 0.0225351 9.78731e-10 3.45175
160000 1000 0.777409 7335 0.0225351 9.78731e-10 3.55322
160000 1000 0.613745 3708 0.0246733 1.06267e-09 3.57101
160000 1000 0.590006 3708 0.0246733 1.06267e-09 3.40138
160000 1000 0.643777 1945 0.0312379 9.94531e-10 3.46219
160000 1000 0.370254 1945 0.0312379 9.94531e-10 3.14444
160000 1000 1.05258 796 0.0252275 1.11589e-09 3.84179
160000 1000 0.371604 796 0.0252275 1.11589e-09 3.18401
160000 2000 2.29227 60487 0.0252402 1.04672e-09 7.92521
160000 2000 2.27295 60487 0.0252402 1.04672e-09 7.81309
160000 2000 2.25353 30339 0.0247384 1.0018e-09 7.88124
160000 2000 3.25793 30339 0.0247384 1.0018e-09 8.80101
160000 2000 2.24769 15243 0.0239696 1.0268e-09 7.95402
160000 2000 2.39456 15243 0.0239696 1.0268e-09 7.96295
160000 2000 2.25689 7692 0.022782 1.01889e-09 7.97004
160000 2000 1.72883 7692 0.022782 1.01889e-09 7.34805
160000 2000 2.30985 3968 0.0269651 1.08801e-09 8.00766
160000 2000 1.13893 3968 0.0269651 1.08801e-09 6.68201
160000 2000 3.94341 1681 0.0246724 1.19523e-09 9.57079
160000 2000 1.13223 1681 0.0246724 1.19523e-09 6.67569
160000 4000 9.2198 127419 0.0237823 1.05551e-09 20.4711
160000 4000 8.11203 127419 0.0237823 1.05551e-09 19.194
160000 4000 8.84854 63688 0.0222711 1.01508e-09 20.1439
160000 4000 12.0561 63688 0.0222711 1.01508e-09 23.2887
160000 4000 8.61441 31792 0.0228373 1.01982e-09 19.6926
160000 4000 8.51585 31792 0.0228373 1.01982e-09 19.5972
160000 4000 8.71409 16094 0.0229139 1.04618e-09 20.0263
160000 4000 6.11606 16094 0.0229139 1.04618e-09 17.2003
160000 4000 9.07775 8410 0.0258334 1.13696e-09 20.3388
160000 4000 4.11067 8410 0.0258334 1.13696e-09 15.2483
160000 4000 16.0769 3738 0.0212198 1.11039e-09 27.4908
160000 4000 4.33666 3738 0.0212198 1.11039e-09 15.5162
160000 10000 61.6126 359266 0.0210137 1.05102e-09 89.7222
160000 10000 50.8272 359266 0.0210137 1.05102e-09 78.556
160000 10000 59.3146 180632 0.0198807 1.01805e-09 87.4411
160000 10000 69.1107 180632 0.0198807 1.01805e-09 96.874
160000 10000 58.1702 90830 0.0195915 1.00191e-09 86.3203
160000 10000 52.8077 90830 0.0195915 1.00191e-09 80.7761
160000 10000 58.193 45973 0.0206998 1.02275e-09 86.359
160000 10000 37.2664 45973 0.0206998 1.02275e-09 65.1697
160000 10000 59.372 23519 0.0198279 1.00448e-09 87.0775
160000 10000 24.4286 23519 0.0198279 1.00448e-09 52.0596
160000 10000 122.959 12229 0.0185755 1.31636e-09 151.096
160000 10000 32.068 12229 0.0185755 1.31636e-09 59.7718