2000 50 0.0022173 1262 0.000244188 8.90573e-10 0.00406958
2000 50 0.00201128 657 0.000278892 9.92133e-10 0.00388295
2000 50 0.00195096 343 0.000359436 1.12297e-09 0.00378232
2000 50 0.00194189 177 0.000310479 8.46278e-10 0.00388077
2000 50 0.00223655 104 0.000249725 8.59241e-10 0.00421806
2000 100 0.00770398 2808 0.000255359 8.51801e-10 0.0111931
2000 100 0.00705524 1445 0.000261773 9.06362e-10 0.0107523
2000 100 0.00669319 735 0.000288576 1.17648e-09 0.0102266
2000 100 0.00666404 382 0.000318491 1.17475e-09 0.0102982
2000 100 0.00697659 203 0.000239757 8.49619e-10 0.0106106
2000 200 0.0384081 7102 0.000238246 1.10678e-09 0.0453863
2000 200 0.0311507 3507 0.000235085 9.74166e-10 0.0386193
2000 200 0.0292156 1780 0.000236577 1.07588e-09 0.0365561
2000 200 0.0280573 905 0.000247457 1.05854e-09 0.0356451
2000 200 0.0280744 470 0.000226956 1.03989e-09 0.0356793
2000 500 0.465214 36647 0.000168099 2.54202e-09 0.483118
2000 500 0.381109 18414 0.000208124 3.38829e-09 0.398129
2000 500 0.332381 9023 0.00014025 1.80698e-09 0.349315
2000 500 0.317208 4586 0.000141007 1.95559e-09 0.336437
2000 500 0.328639 2459 0.000126005 1.54911e-09 0.347921
2000 750 1.93793 105577 6.23169e-05 1.41812e-09 1.9656
2000 750 1.58925 52499 6.37701e-05 1.7406e-09 1.61784
2000 750 1.40896 26272 5.90441e-05 1.39328e-09 1.43449
2000 750 1.34506 13381 8.55445e-05 1.48299e-09 1.37045
2000 750 1.39327 7169 5.32761e-05 9.62347e-10 1.42212
4000 50 0.00245952 1292 0.000575882 1.01508e-09 0.00655056
4000 50 0.00220254 650 0.000539055 9.96381e-10 0.00581265
4000 50 0.00209262 336 0.000735095 1.2182e-09 0.00578589
4000 50 0.00212417 176 0.000522158 9.33365e-10 0.00585886
4000 50 0.00233451 98 0.000589057 9.27983e-10 0.00649321
4000 100 0.00790561 2736 0.000498237 8.95567e-10 0.0149323
4000 100 0.00715322 1367 0.00062331 1.15503e-09 0.0145397
4000 100 0.00673514 697 0.000637681 1.00837e-09 0.0134445
4000 100 0.00672678 361 0.000817317 1.32684e-09 0.0142729
4000 100 0.00718572 196 0.000570356 1.01036e-09 0.0147953
4000 200 0.0319356 6060 0.000466062 8.82731e-10 0.0455295
4000 200 0.0277712 3037 0.000541653 1.05828e-09 0.0411524
4000 200 0.0257823 1517 0.000488714 9.22622e-10 0.0410039
4000 200 0.0250938 777 0.000567188 1.03223e-09 0.0406385
4000 200 0.0255054 411 0.000513338 9.45353e-10 0.041178
4000 500 0.25478 20078 0.000446988 1.40485e-09 0.291101
4000 500 0.211482 10002 0.000410295 1.00113e-09 0.245325
4000 500 0.192744 5098 0.000408639 1.143e-09 0.226776
4000 500 0.1828 2586 0.000386681 1.06356e-09 0.221075
4000 500 0.186352 1357 0.000360189 8.75742e-10 0.224749
4000 750 0.785567 42124 0.000265189 1.08186e-09 0.84169
4000 750 0.639517 20811 0.000311006 1.06543e-09 0.69598
4000 750 0.571375 10447 0.000297248 1.16121e-09 0.622822
4000 750 0.53646 5238 0.00026414 1.0374e-09 0.587282
4000 750 0.53934 2717 0.000344806 1.56201e-09 0.596427
4000 1000 1.881 76543 0.000382504 3.2633e-09 1.95533
4000 1000 1.55379 38427 0.000253209 1.74751e-09 1.62262
4000 1000 1.38381 19226 0.000290932 2.0958e-09 1.45778
4000 1000 1.29315 9591 0.000268239 1.76428e-09 1.36779
4000 1000 1.30931 5017 0.000219772 1.39201e-09 1.38333
20000 50 0.00298538 1249 0.00344627 1.2135e-09 0.0222202
20000 50 0.00261577 630 0.00325056 1.10724e-09 0.0192516
20000 50 0.00270065 327 0.00249229 8.8303e-10 0.0221809
20000 50 0.00272139 170 0.00343134 1.11108e-09 0.0222127
20000 50 0.00278037 93 0.00210107 7.33545e-10 0.0222082
20000 100 0.00880714 2641 0.00244528 7.73257e-10 0.0448947
20000 100 0.00824889 1340 0.00235921 8.03361e-10 0.0461713
20000 100 0.00776038 666 0.00259134 8.9191e-10 0.0456166
20000 100 0.00791692 350 0.00279662 9.2061e-10 0.045608
20000 100 0.00825735 185 0.00246691 8.57923e-10 0.0462256
20000 200 0.0336579 5428 0.00305221 1.07574e-09 0.1062
20000 200 0.0300853 2782 0.00232236 8.21351e-10 0.0978261
20000 200 0.0276732 1408 0.00334588 1.1787e-09 0.10174
20000 200 0.0266977 716 0.00298693 9.96455e-10 0.100803
20000 200 0.0275892 379 0.00281655 9.82001e-10 0.101263
20000 500 0.207745 14829 0.00255781 9.3438e-10 0.386228
20000 500 0.176453 7415 0.00273464 9.98128e-10 0.350615
20000 500 0.16022 3713 0.00273367 9.36431e-10 0.333822
20000 500 0.151587 1879 0.00297613 1.07537e-09 0.330117
20000 500 0.154538 980 0.00310716 1.10618e-09 0.331093
20000 750 0.46451 23069 0.00272268 9.97605e-10 0.729925
20000 750 0.391547 11549 0.00273341 1.01972e-09 0.654204
20000 750 0.353928 5783 0.00265941 9.94672e-10 0.614714
20000 750 0.340968 2945 0.00273934 9.49903e-10 0.601025
20000 750 0.345146 1536 0.00295693 1.00739e-09 0.605932
20000 1000 0.845378 31889 0.00257506 1.01364e-09 1.20076
20000 1000 0.711994 16050 0.00274659 1.00338e-09 1.08665
20000 1000 0.63906 8009 0.00288116 9.88179e-10 0.987423
20000 1000 0.617408 4090 0.00265019 9.79193e-10 0.965585
20000 1000 0.622138 2124 0.00261188 1.02019e-09 0.972743
20000 2000 3.94152 77577 0.00234035 1.11204e-09 4.64538
20000 2000 3.29716 39015 0.00235599 1.13553e-09 3.99913
20000 2000 2.97531 19619 0.00214955 1.08017e-09 3.67043
20000 2000 2.81839 9857 0.00219258 1.07933e-09 3.50945
20000 2000 2.80978 5056 0.00263582 9.97546e-10 3.51595
20000 4000 25.9244 253087 0.00179879 1.86217e-09 27.3175
20000 4000 21.1553 126762 0.00145862 1.42763e-09 22.5646
20000 4000 18.7003 63725 0.00144674 1.22251e-09 20.1078
20000 4000 17.597 31927 0.001384 1.323e-09 18.9894
20000 4000 17.1994 16176 0.00167916 1.55111e-09 18.6137
40000 50 0.00341472 1266 0.00304713 5.24939e-10 0.0384807
40000 50 0.00318253 635 0.00385931 6.55098e-10 0.0386758
40000 50 0.00314257 335 0.00730365 1.25478e-09 0.037889
40000 50 0.00303688 165 0.00424571 7.26984e-10 0.0387287
40000 50 0.00339129 93 0.00536825 9.00994e-10 0.0375243
40000 100 0.0101935 2590 0.00632943 1.04985e-09 0.0821828
40000 100 0.00955415 1334 0.00671574 1.08128e-09 0.0831305
40000 100 0.00913685 663 0.00491665 8.29419e-10 0.0829669
40000 100 0.00924278 347 0.00525425 8.98311e-10 0.0824614
40000 100 0.00980465 187 0.00477932 8.3676e-10 0.0833564
40000 200 0.0375698 5463 0.00659946 1.14923e-09 0.180491
40000 200 0.0321531 2720 0.00601071 1.02829e-09 0.174079
40000 200 0.0314512 1409 0.00477459 8.4728e-10 0.173166
40000 200 0.0301059 704 0.00759406 9.67775e-10 0.172408
40000 200 0.0314302 376 0.00563621 9.89521e-10 0.172537
40000 500 0.211312 14371 0.00565575 1.03191e-09 0.563378
40000 500 0.180663 7186 0.00583075 1.05024e-09 0.529767
40000 500 0.164277 3595 0.00650594 1.15155e-09 0.519613
40000 500 0.160943 1851 0.00542444 9.72862e-10 0.512123
40000 500 0.164013 972 0.00570672 1.00842e-09 0.512227
40000 750 0.464265 22123 0.00581596 1.0489e-09 0.988937
40000 750 0.391679 11052 0.00511658 9.41864e-10 0.907781
40000 750 0.359792 5548 0.00619321 1.04157e-09 0.886679
40000 750 0.344928 2828 0.0055232 9.84133e-10 0.873276
40000 750 0.352204 1482 0.00575694 1.03564e-09 0.874759
40000 1000 0.828962 30259 0.00567473 1.02519e-09 1.52814
40000 1000 0.696237 15084 0.00513575 9.35071e-10 1.39442
40000 1000 0.629416 7559 0.00552047 1.01052e-09 1.32643
40000 1000 0.61173 3876 0.0053811 9.95977e-10 1.29856
40000 1000 0.614038 1996 0.00582805 1.0147e-09 1.31067
40000 2000 3.40191 65317 0.00506465 9.86575e-10 4.79447
40000 2000 2.8484 32783 0.00582585 1.01016e-09 4.24981
40000 2000 2.57768 16528 0.00545624 1.01387e-09 3.97556
40000 2000 2.47135 8386 0.0050915 9.93212e-10 3.87943
40000 2000 2.48028 4329 0.00552071 1.02129e-09 3.8869
40000 4000 16.4333 158966 0.00415901 1.01938e-09 19.2348
40000 4000 13.4116 79964 0.00449064 1.03079e-09 16.2393
40000 4000 11.9477 40234 0.0043491 1.05636e-09 14.7224
40000 4000 11.2836 20269 0.00442701 1.04537e-09 14.0589
40000 4000 11.2355 10421 0.00460353 1.04821e-09 14.0114
40000 10000 209.384 836419 0.00243082 1.67297e-09 216.315
40000 10000 169.634 418715 0.00313626 1.8191e-09 176.546
40000 10000 150.545 210373 0.00263053 1.71592e-09 157.462
40000 10000 141.08 105490 0.00288367 1.70208e-09 147.997
40000 10000 138.487 53660 0.00218631 1.14771e-09 145.429
80000 50 0.00398701 1271 0.0111872 8.61002e-10 0.0735646
80000 50 0.00415867 631 0.0133947 1.1695e-09 0.0785842
80000 50 0.0038987 324 0.00987974 8.69955e-10 0.0784562
80000 50 0.00407474 172 0.011588 8.40536e-10 0.0789415
80000 50 0.00445559 96 0.0132958 1.04968e-09 0.0789303
80000 100 0.0125998 2627 0.0117752 1.03141e-09 0.149619
80000 100 0.0111496 1302 0.00967801 8.32924e-10 0.148976
80000 100 0.011723 672 0.0108329 9.3575e-10 0.152384
80000 100 0.0114662 347 0.011749 9.66742e-10 0.154328
80000 100 0.0122081 187 0.00893764 7.82508e-10 0.149124
80000 200 0.0408286 5377 0.0125681 1.0955e-09 0.322742
80000 200 0.035514 2729 0.0155272 1.11215e-09 0.31648
80000 200 0.0340851 1357 0.0135416 1.17099e-09 0.310336
80000 200 0.0333805 703 0.0117486 1.02722e-09 0.306661
80000 200 0.0351502 371 0.0139776 1.07785e-09 0.311419
80000 500 0.219527 14172 0.0122949 9.88741e-10 0.919232
80000 500 0.188781 7120 0.0161157 1.1696e-09 0.886254
80000 500 0.175033 3590 0.0124885 1.07811e-09 0.869266
80000 500 0.168226 1811 0.0126423 1.04027e-09 0.865103
80000 500 0.173813 951 0.0121359 1.03843e-09 0.871179
80000 750 0.474671 21649 0.0116063 1.01718e-09 1.51955
80000 750 0.406914 10871 0.0121689 1.00725e-09 1.45068
80000 750 0.372623 5445 0.0108294 9.61986e-10 1.4226
80000 750 0.35896 2782 0.0115047 9.66634e-10 1.41164
80000 750 0.365696 1449 0.0129014 9.91575e-10 1.41577
80000 1000 0.83388 29303 0.0107214 9.47423e-10 2.2215
80000 1000 0.711663 14815 0.0120091 1.07204e-09 2.07768
80000 1000 0.649135 7457 0.0115453 1.03055e-09 2.03752
80000 1000 0.620463 3754 0.0120713 1.06705e-09 2.01724
80000 1000 0.633479 1965 0.0107997 9.65666e-10 2.02181
80000 2000 3.29166 62350 0.0107995 9.94407e-10 6.10015
80000 2000 2.75452 31090 0.0120017 1.05142e-09 5.53456
80000 2000 2.4971 15616 0.0111719 1.02627e-09 5.29655
80000 2000 2.38986 7902 0.0114999 1.04915e-09 5.19233
80000 2000 2.39474 4084 0.0105323 9.66431e-10 5.20379
80000 4000 13.9684 134896 0.0102995 1.00961e-09 19.4979
80000 4000 11.3245 67388 0.0108668 1.03581e-09 16.8658
80000 4000 10.1634 33900 0.010239 1.01033e-09 15.7622
80000 4000 9.65289 17096 0.0104226 1.01675e-09 15.2675
80000 4000 9.66092 8841 0.00997674 9.4665e-10 15.2302
80000 10000 115.214 459214 0.00786699 1.1142e-09 129.047
80000 10000 93.3037 229746 0.00825443 1.14442e-09 107.23
80000 10000 83.2998 115865 0.00794759 1.19856e-09 97.1096
80000 10000 78.2492 58182 0.00761605 1.08077e-09 92.1076
80000 10000 76.7381 29603 0.00740623 1.01109e-09 90.5741
160000 50 0.00499012 1252 0.0204985 8.85323e-10 0.145657
160000 50 0.0048148 638 0.0273048 1.13955e-09 0.14435
160000 50 0.00469383 324 0.0261947 1.09976e-09 0.148675
160000 50 0.00479708 170 0.0208987 8.90541e-10 0.149271
160000 50 0.00527478 93 0.0257424 1.01402e-09 0.1497
160000 100 0.0136006 2637 0.0219973 9.58878e-10 0.294044
160000 100 0.0128679 1310 0.0249753 1.07325e-09 0.296332
160000 100 0.0127245 666 0.0247273 1.0639e-09 0.287375
160000 100 0.0127022 339 0.0214993 9.0319e-10 0.291694
160000 100 0.0135865 183 0.0232529 9.68086e-10 0.293683
160000 200 0.0444451 5409 0.0216723 9.3715e-10 0.602644
160000 200 0.0392916 2717 0.0232547 9.98627e-10 0.592399
160000 200 0.0382386 1378 0.0188598 8.18449e-10 0.591104
160000 200 0.0374569 700 0.0224943 9.73941e-10 0.592892
160000 200 0.0390138 369 0.0235758 9.36402e-10 0.593437
160000 500 0.230806 14101 0.0239716 1.04883e-09 1.62168
160000 500 0.203275 7131 0.0228511 9.88891e-10 1.60691
160000 500 0.187237 3563 0.0214723 9.37331e-10 1.57175
160000 500 0.179942 1800 0.0224941 9.31788e-10 1.5655
160000 500 0.186693 953 0.0241789 9.35842e-10 1.55741
160000 750 0.488254 21400 0.0229008 1.00207e-09 2.57734
160000 750 0.430726 10910 0.0221012 9.74206e-10 2.50655
160000 750 0.390158 5431 0.0244932 1.00178e-09 2.47989
160000 750 0.378153 2761 0.0236521 1.02759e-09 2.45347
160000 750 0.388853 1455 0.0249913 9.57459e-10 2.48926
160000 1000 0.854371 29216 0.0242653 1.06566e-09 3.6364
160000 1000 0.726903 14617 0.0221015 9.26335e-10 3.49596
160000 1000 0.668457 7335 0.0226371 9.82638e-10 3.43173
160000 1000 0.638752 3708 0.0234753 1.02702e-09 3.41428
160000 1000 0.653626 1947 0.0241345 9.30729e-10 3.44593
160000 2000 3.24026 60487 0.0287592 1.02648e-09 8.76453
160000 2000 2.74126 30339 0.0228273 1.01149e-09 8.33901
160000 2000 2.48731 15242 0.0219608 9.84812e-10 7.9458
160000 2000 2.3657 7692 0.0238503 1.01657e-09 7.95044
160000 2000 2.38651 3970 0.0290805 1.07917e-09 7.90977
160000 4000 13.2544 127419 0.0224464 1.03201e-09 24.4742
160000 4000 10.8225 63687 0.0226276 1.00747e-09 21.9
160000 4000 9.6321 31792 0.021703 9.74045e-10 20.7732
160000 4000 9.18273 16093 0.0221027 1.01315e-09 20.897
160000 4000 9.36153 8413 0.0220701 1.01927e-09 20.4307
160000 10000 90.2883 359266 0.0206365 1.01728e-09 118.043
160000 10000 73.3821 180632 0.0201327 9.93373e-10 101.326
160000 10000 65.2232 90827 0.02012 9.92033e-10 93.1772
160000 10000 61.9565 45969 0.020197 1.01735e-09 89.6127
160000 10000 61.2526 23517 0.0200244 9.97751e-10 90.3338
