80000 1000 0.733102 482 0.000109068 1.02134e-11 2.10728
80000 1000 0.416611 482 0.000109068 1.02134e-11 1.77918
80000 1000 0.650839 428 0.000121524 1.03041e-11 2.04822
80000 1000 0.368805 428 0.000121524 1.03041e-11 1.71882
80000 1000 0.625755 409 0.000111875 1.03135e-11 1.99594
80000 1000 0.366436 409 0.000111875 1.03135e-11 1.73322
80000 1000 0.582487 384 0.000108386 9.75911e-12 1.95224
80000 1000 0.328619 384 0.000108386 9.75911e-12 1.67774
80000 1000 0.565607 369 0.000109261 9.81674e-12 1.94311
80000 1000 0.317889 369 0.000109261 9.81674e-12 1.68222
80000 1000 0.564079 372 0.000121536 1.01241e-11 1.93979
80000 1000 0.325964 372 0.000121536 1.01241e-11 1.69052
80000 1000 0.753656 50 9.21067e-05 8.49825e-12 2.1277
80000 1000 0.398647 50 9.21067e-05 8.49825e-12 1.77346
80000 1000 0.678195 45 0.000138816 1.26434e-11 2.07372
80000 1000 0.359686 45 0.000138816 1.26434e-11 1.73025
80000 1000 0.666047 44 0.000133521 1.17799e-11 2.04165
80000 1000 0.350699 44 0.000133521 1.17799e-11 1.71326
80000 1000 0.664936 44 0.000133093 1.08844e-11 2.0591
80000 1000 0.349245 44 0.000133093 1.08844e-11 1.72452
80000 1000 0.754112 50 9.13146e-05 8.03828e-12 2.12991
80000 1000 0.399543 50 9.13146e-05 8.03828e-12 1.76123
80000 1000 0.919557 61 0.000112443 9.64037e-12 2.28901
80000 1000 0.484723 61 0.000112443 9.64037e-12 1.8386
80000 1000 0.779452 26 7.26514e-05 6.65598e-12 2.16225
80000 1000 0.410819 26 7.26514e-05 6.65598e-12 1.76077
80000 1000 0.719184 24 0.000130667 1.18924e-11 2.09221
80000 1000 0.381148 24 0.000130667 1.18924e-11 1.72261
80000 1000 0.722442 24 0.000118735 1.07668e-11 2.11308
80000 1000 0.381001 24 0.000118735 1.07668e-11 1.75122
80000 1000 0.781044 26 4.73994e-05 4.1576e-12 2.14201
80000 1000 0.411554 26 4.73994e-05 4.1576e-12 1.75753
80000 1000 0.99463 33 0.000147522 1.23268e-11 2.36367
80000 1000 0.520084 33 0.000147522 1.23268e-11 1.87514
80000 1000 1.51316 50 8.71984e-05 7.56822e-12 2.89556
80000 1000 0.793432 50 8.71984e-05 7.56822e-12 2.16823
80000 1000 1.30625 428 0.000143229 1.4992e-11 2.68229
80000 1000 0.399719 428 0.000143229 1.4992e-11 1.76704
80000 1000 0.929871 304 0.000102827 1.0011e-11 2.32583
80000 1000 0.283202 304 0.000102827 1.0011e-11 1.64366
80000 1000 0.76008 249 0.000106376 1.00809e-11 2.13085
80000 1000 0.232937 249 0.000106376 1.00809e-11 1.59876
80000 1000 0.680524 224 0.000121738 1.0901e-11 2.06068
80000 1000 0.207898 224 0.000121738 1.0901e-11 1.56265
80000 1000 0.668682 221 0.000140365 1.06094e-11 2.04253
80000 1000 0.205993 221 0.000140365 1.06094e-11 1.55939
80000 1000 1.05301 344 0.000136544 1.10487e-11 2.42864
80000 1000 0.31865 344 0.000136544 1.10487e-11 1.67344
80000 1000 1.32316 44 8.40294e-05 8.43527e-12 2.708
80000 1000 0.363123 44 8.40294e-05 8.43527e-12 1.74436
80000 1000 0.993043 33 0.000130112 1.04267e-11 2.38888
80000 1000 0.272074 33 0.000130112 1.04267e-11 1.62026
80000 1000 1.00288 33 0.000183411 1.54874e-11 2.37956
80000 1000 0.272879 33 0.000183411 1.54874e-11 1.64179
80000 1000 1.69555 56 0.000142391 1.23353e-11 3.07056
80000 1000 0.46051 56 0.000142391 1.23353e-11 1.8174
80000 1000 1.37886 23 3.96756e-05 3.93643e-12 2.772
80000 1000 0.376289 23 3.96756e-05 3.93643e-12 1.72773
80000 1000 1.14437 19 6.78799e-05 6.10374e-12 2.53858
80000 1000 0.312744 19 6.78799e-05 6.10374e-12 1.66639
80000 1000 1.566 26 5.74943e-05 4.00366e-12 2.95694
80000 1000 0.426018 26 5.74943e-05 4.00366e-12 1.79736
80000 1000 21.678 362 0.000177768 1.26504e-11 23.0546
80000 1000 5.95118 362 0.000177768 1.26504e-11 7.3274
80000 4000 12.0599 251 9.64449e-05 1.2533e-11 17.6508
80000 4000 6.18227 251 9.64449e-05 1.2533e-11 11.6312
80000 4000 10.4073 216 9.38148e-05 1.09837e-11 16.013
80000 4000 5.29224 216 9.38148e-05 1.09837e-11 10.8128
80000 4000 9.82044 204 9.30817e-05 1.03988e-11 15.3893
80000 4000 5.11608 204 9.30817e-05 1.03988e-11 10.649
80000 4000 8.96254 187 9.97312e-05 9.9294e-12 14.478
80000 4000 4.60947 187 9.97312e-05 9.9294e-12 10.1266
80000 4000 8.45969 176 0.000112635 1.09369e-11 13.9897
80000 4000 4.31588 176 0.000112635 1.09369e-11 9.79498
80000 4000 8.63579 180 0.000105623 9.63572e-12 14.1553
80000 4000 4.53914 180 0.000105623 9.63572e-12 10.0073
80000 4000 12.1445 126 9.75369e-05 1.22894e-11 17.754
80000 4000 6.35745 126 9.75369e-05 1.22894e-11 11.8798
80000 4000 10.4839 109 9.8239e-05 1.10015e-11 16.2732
80000 4000 5.44119 109 9.8239e-05 1.10015e-11 10.899
80000 4000 9.92126 103 0.000105233 1.16094e-11 15.527
80000 4000 5.05685 103 0.000105233 1.16094e-11 10.6263
80000 4000 9.22564 96 9.37355e-05 9.65887e-12 14.8844
80000 4000 4.74783 96 9.37355e-05 9.65887e-12 10.2276
80000 4000 9.10588 95 9.16177e-05 8.76985e-12 14.7113
80000 4000 4.7444 95 9.16177e-05 8.76985e-12 10.2437
80000 4000 9.79567 102 0.000120165 9.265e-12 15.3998
80000 4000 5.14737 102 0.000120165 9.265e-12 10.6149
80000 4000 12.2892 32 0.000115381 1.36451e-11 17.8877
80000 4000 6.2605 32 0.000115381 1.36451e-11 11.7967
80000 4000 11.1234 29 7.00734e-05 7.50463e-12 16.7288
80000 4000 5.65154 29 7.00734e-05 7.50463e-12 11.1635
80000 4000 10.7861 28 8.71988e-05 8.83044e-12 16.3946
80000 4000 5.58458 28 8.71988e-05 8.83044e-12 11.0714
80000 4000 10.7847 28 0.000133205 1.24618e-11 16.3817
80000 4000 5.63353 28 0.000133205 1.24618e-11 11.0897
80000 4000 13.8986 36 8.33304e-05 6.8876e-12 19.5018
80000 4000 7.01687 36 8.33304e-05 6.8876e-12 12.5458
80000 4000 20.4924 53 0.000103382 9.16319e-12 26.0284
80000 4000 10.3516 53 0.000103382 9.1632e-12 15.7951
80000 4000 23.1195 239 0.000166591 2.55918e-11 28.7265
80000 4000 6.09634 239 0.000166591 2.55918e-11 11.6221
80000 4000 15.9049 165 0.000107206 1.5042e-11 21.5201
80000 4000 4.27622 165 0.000107206 1.5042e-11 9.77801
80000 4000 12.5509 130 9.55578e-05 1.13211e-11 18.1722
80000 4000 3.28674 130 9.55578e-05 1.13211e-11 8.75504
80000 4000 11.2665 117 9.91696e-05 9.92219e-12 16.8054
80000 4000 3.02269 117 9.91696e-05 9.92219e-12 8.48782
80000 4000 12.2859 128 0.000118549 1.08972e-11 17.7809
80000 4000 3.30518 128 0.000118549 1.08972e-11 8.76835
80000 4000 23.1971 120 0.000152389 2.33183e-11 28.8147
80000 4000 6.02649 120 0.000152389 2.33183e-11 11.5542
80000 4000 16.0191 83 0.000114896 1.55374e-11 21.5586
80000 4000 4.26171 83 0.000114896 1.55374e-11 9.77898
80000 4000 13.1456 68 8.48712e-05 9.24296e-12 18.6882
80000 4000 3.45196 68 8.48712e-05 9.24296e-12 9.1523
80000 4000 13.4319 70 8.69308e-05 8.34753e-12 19.0422
80000 4000 3.56593 70 8.69308e-05 8.34753e-12 9.10194
80000 4000 24.6499 128 0.000115316 9.77108e-12 30.2705
80000 4000 6.61646 128 0.000115316 9.77108e-12 12.1045
80000 4000 23.89 31 6.51573e-05 9.56139e-12 29.5278
80000 4000 6.25921 31 6.51573e-05 9.56139e-12 11.7536
80000 4000 17.6222 23 3.71184e-05 4.07735e-12 23.2608
80000 4000 4.58362 23 3.71184e-05 4.07735e-12 10.0701
80000 4000 21.5762 28 4.67945e-05 4.18283e-12 27.2183
80000 4000 5.69385 28 4.67945e-05 4.18283e-12 11.2374
