40000 10000 106.603 167284 0.00263828 1.71339e-09 113.513
40000 10000 108.484 167284 0.00263828 1.71339e-09 115.489
40000 10000 201.789 159232 0.00444372 4.17957e-09 208.805
40000 10000 160.553 159232 0.00444372 4.17957e-09 167.347
40000 10000 391.186 155721 0.00513274 5.3417e-09 398.095
40000 10000 181.34 155721 0.00513274 5.3417e-09 188.27
40000 10000 767.05 153500 0.00689165 7.27134e-09 773.969
40000 10000 221.042 153500 0.00689165 7.27134e-09 227.837
40000 10000 1519.54 152653 0.00791599 8.3942e-09 1526.55
40000 10000 305.499 152653 0.00791599 8.3942e-09 312.614
40000 10000 6053.06 152388 0.00899165 9.57677e-09 6059.92
40000 10000 846.918 152388 0.00899165 9.57677e-09 853.871
40000 10000 99.4342 83642 0.00263828 1.71339e-09 106.444
40000 10000 100.368 83642 0.00263828 1.71339e-09 107.373
40000 10000 188.981 79684 0.0041965 4.17583e-09 195.904
40000 10000 125.334 79684 0.0041965 4.17583e-09 132.212
40000 10000 365.296 77900 0.00512286 5.31677e-09 372.255
40000 10000 133.268 77900 0.00512286 5.31677e-09 140.208
40000 10000 716.762 76788 0.006853 7.22371e-09 723.774
40000 10000 152.848 76788 0.006853 7.22371e-09 159.783
40000 10000 1426.37 76466 0.00785027 8.34444e-09 1433.37
40000 10000 195.304 76466 0.00785027 8.34444e-09 202.088
40000 10000 5708.62 76542 0.0089829 9.56526e-09 5715.54
40000 10000 492.781 76542 0.0089829 9.56526e-09 499.805
40000 10000 92.4223 8364 0.00262411 1.71447e-09 99.4126
40000 10000 92.722 8364 0.00262411 1.71447e-09 99.562
40000 10000 176.42 7984 0.00414468 4.09919e-09 183.375
40000 10000 92.0025 7984 0.00414468 4.09919e-09 98.9415
40000 10000 346.461 7820 0.00502029 5.20748e-09 353.485
40000 10000 90.6539 7820 0.00502029 5.20748e-09 97.5873
40000 10000 683.656 7750 0.00681533 7.13373e-09 690.571
40000 10000 92.657 7750 0.00681533 7.13373e-09 99.5852
40000 10000 1376.55 7793 0.00784704 8.31428e-09 1383.65
40000 10000 98.3139 7793 0.00784704 8.31428e-09 105.321
40000 10000 5708.83 8268 0.00903272 9.58952e-09 5715.75
40000 10000 186.136 8268 0.00903272 9.58952e-09 193.157
40000 10000 91.9789 1673 0.00249395 1.70941e-09 98.9722
40000 10000 92.087 1673 0.00249395 1.70941e-09 99.0259
40000 10000 176.677 1606 0.00413855 4.11418e-09 183.643
40000 10000 89.6032 1606 0.00413855 4.11418e-09 96.6031
40000 10000 348.021 1590 0.00500026 5.19136e-09 354.979
40000 10000 88.7055 1590 0.00500026 5.19136e-09 95.7949
40000 10000 696.909 1607 0.00686966 7.23777e-09 703.757
40000 10000 90.1862 1607 0.00686966 7.23777e-09 97.0274
40000 10000 1449.2 1686 0.00797053 8.43216e-09 1456.2
40000 10000 96.4056 1686 0.00797053 8.43216e-09 103.391
40000 10000 7421.5 2229 0.00943596 9.68315e-09 7428.31
40000 10000 209.242 2229 0.00943596 9.68315e-09 216.203
40000 10000 91.8246 836 0.00255109 1.73596e-09 98.7442
40000 10000 91.9109 836 0.00255109 1.73596e-09 98.8953
40000 10000 177.321 809 0.00411418 4.07949e-09 184.177
40000 10000 89.9495 809 0.00411418 4.07949e-09 96.907
40000 10000 354.204 811 0.00512217 5.30648e-09 361.107
40000 10000 89.9998 811 0.00512217 5.30648e-09 96.9162
40000 10000 724.766 841 0.00695141 7.29722e-09 731.726
40000 10000 93.5676 841 0.00695141 7.29722e-09 100.434
40000 10000 1573.21 924 0.00828417 8.66844e-09 1580.15
40000 10000 104.295 924 0.00828417 8.66844e-09 111.248
40000 10000 9828.48 1497 0.010206 9.83292e-09 9835.42
40000 10000 273.718 1497 0.010206 9.83292e-09 280.727
40000 10000 92.3394 418 0.00255109 1.73596e-09 99.3602
40000 10000 91.9151 418 0.00255109 1.73596e-09 98.9138
40000 10000 178.981 410 0.0040419 3.94556e-09 185.784
40000 10000 90.5145 410 0.0040419 3.94556e-09 97.3224
40000 10000 367.058 422 0.00511122 5.28196e-09 374.07
40000 10000 93.4283 422 0.00511122 5.28196e-09 100.423
40000 10000 791.351 459 0.00722488 7.4953e-09 798.199
40000 10000 101.727 459 0.00722488 7.4953e-09 108.706
40000 10000 1855.71 547 0.00870233 8.80037e-09 1862.71
40000 10000 122.466 547 0.00870233 8.80037e-09 129.474
40000 10000 14765.7 1139 0.0113431 9.91061e-09 14772.6
40000 10000 410.636 1139 0.0113431 9.91061e-09 417.549
40000 10000 91.7294 209 0.00255109 1.73596e-09 98.7128
40000 10000 91.8058 209 0.00255109 1.73596e-09 98.8022
40000 10000 184.347 211 0.00381255 3.73946e-09 191.331
40000 10000 93.1482 211 0.00381255 3.73946e-09 100.128
40000 10000 395.944 228 0.00535674 5.44874e-09 402.954
40000 10000 100.532 228 0.00535674 5.44874e-09 107.447
40000 10000 920.516 269 0.00787254 7.83328e-09 927.457
40000 10000 119.06 269 0.00787254 7.83328e-09 126.035
40000 10000 2452.04 362 0.00955553 8.92531e-09 2458.95
40000 10000 161.746 362 0.00955553 8.92531e-09 168.7
40000 10000 24483.5 952 0.0124758 9.925e-09 24490.7
40000 10000 682.414 952 0.0124758 9.925e-09 689.601
40000 10000 92.6986 84 0.00228885 1.54957e-09 99.8927
40000 10000 92.8084 84 0.00228885 1.54957e-09 100
40000 10000 198.608 91 0.00397952 3.76533e-09 205.863
40000 10000 100.914 91 0.00397952 3.76533e-09 108.065
40000 10000 481.728 111 0.00678522 6.313e-09 488.881
40000 10000 121.949 111 0.00678522 6.313e-09 129.172
40000 10000 1339.17 156 0.00922934 7.98824e-09 1346.4
40000 10000 172.689 156 0.00922934 7.98824e-09 179.954
40000 10000 4215.49 250 0.0115369 9.22511e-09 4222.74
40000 10000 279.02 250 0.0115369 9.22511e-09 286.168
40000 10000 52543.6 820 0.0137752 1.00018e-08 52550.8
40000 10000 1584.46 820 0.0137752 1.00018e-08 1591.62