4000 1000 0.853554 77 0.000368909 3.09602e-09 0.927121
4000 1000 0.855113 77 0.000368909 3.09602e-09 0.929264
4000 1000 1.63656 74 0.000466665 4.45753e-09 1.70979
4000 1000 0.838714 74 0.000466665 4.45753e-09 0.913265
4000 1000 3.23474 73 0.000587722 6.08065e-09 3.30815
4000 1000 0.825682 73 0.000587722 6.08065e-09 0.900029
4000 1000 6.37591 72 0.000673269 7.20854e-09 6.44983
4000 1000 0.816768 72 0.000673269 7.20854e-09 0.88649
4000 1000 12.5971 71 0.00083425 8.96159e-09 12.6714
4000 1000 0.804058 71 0.00083425 8.96159e-09 0.879209
4000 1000 50.1515 71 0.000755745 8.16611e-09 50.2268
4000 1000 0.948026 71 0.000755745 8.16611e-09 1.0191
20000 1000 0.418458 32 0.00290876 1.14114e-09 0.758051
20000 1000 0.419706 32 0.00290876 1.14114e-09 0.769754
20000 1000 0.707904 27 0.00120045 5.82839e-10 1.05439
20000 1000 0.375899 27 0.00120045 5.82839e-10 0.72952
20000 1000 1.25379 24 0.0046138 2.65598e-09 1.60027
20000 1000 0.337189 24 0.0046138 2.65598e-09 0.690729
20000 1000 2.58298 24 0.00303413 1.89567e-09 2.93747
20000 1000 0.336357 24 0.00303413 1.89567e-09 0.6871
20000 1000 4.78025 23 0.00635253 4.00202e-09 5.12712
20000 1000 0.319864 23 0.00635253 4.00202e-09 0.672177
20000 1000 19.1283 23 0.0058882 3.75347e-09 19.4796
20000 1000 0.391802 23 0.0058882 3.75347e-09 0.747162
20000 4000 11.7383 63 0.0022317 2.11998e-09 13.1186
20000 4000 11.5532 63 0.0022317 2.11998e-09 12.9645
20000 4000 22.63 61 0.00169085 2.42672e-09 24.0151
20000 4000 11.6614 61 0.00169085 2.42672e-09 13.0771
20000 4000 43.824 59 0.00239486 3.72796e-09 45.2037
20000 4000 11.6589 59 0.00239486 3.72796e-09 13.0411
20000 4000 85.041 58 0.00334848 5.41795e-09 86.4187
20000 4000 11.3839 58 0.00334848 5.41795e-09 12.7838
20000 4000 168.265 57 0.00500836 8.17541e-09 169.67
20000 4000 11.2174 57 0.00500836 8.17541e-09 12.641
20000 4000 668.389 57 0.00458446 7.53433e-09 669.768
20000 4000 18.1287 57 0.00458446 7.53433e-09 19.5306
40000 1000 0.419278 30 0.00773209 1.35479e-09 1.10923
40000 1000 0.421767 30 0.00773209 1.35479e-09 1.132
40000 1000 0.642398 23 0.00652082 1.35322e-09 1.34222
40000 1000 0.343859 23 0.00652082 1.35322e-09 1.05333
40000 1000 1.18594 21 0.00436063 1.0132e-09 1.88674
40000 1000 0.318253 21 0.00436063 1.0132e-09 1.01961
40000 1000 2.23567 20 0.00761994 1.91988e-09 2.93049
40000 1000 0.302428 20 0.00761994 1.91988e-09 1.00336
40000 1000 4.23446 19 0.01963 5.04105e-09 4.92711
40000 1000 0.289478 19 0.01963 5.04105e-09 1.03025
40000 1000 17.0279 19 0.0185014 4.80114e-09 17.7187
40000 1000 0.401259 19 0.0185014 4.80114e-09 1.10151
40000 4000 7.5385 40 0.00395977 9.44332e-10 10.2884
40000 4000 7.53745 40 0.00395977 9.44332e-10 10.3285
40000 4000 13.5057 36 0.0046228 1.6288e-09 16.2922
40000 4000 7.17721 36 0.0046228 1.6288e-09 9.97346
40000 4000 26.2697 35 0.00543152 2.34058e-09 29.0205
40000 4000 6.95274 35 0.00543152 2.34058e-09 9.741
40000 4000 51.1408 34 0.00984272 4.45669e-09 53.9292
40000 4000 6.87514 34 0.00984272 4.45669e-09 9.67428
40000 4000 102.016 34 0.00998663 4.57942e-09 104.799
40000 4000 6.98353 34 0.00998663 4.57942e-09 9.77139
40000 4000 400.081 33 0.0190333 8.76634e-09 402.836
40000 4000 11.1046 33 0.0190333 8.76634e-09 13.9092
40000 10000 92.3895 84 0.00228885 1.54957e-09 99.3363
40000 10000 92.0319 84 0.00228885 1.54957e-09 99.0922
40000 10000 183.473 80 0.00356554 3.31426e-09 190.429
40000 10000 97.0486 80 0.00356554 3.31426e-09 104.108
40000 10000 346.751 79 0.00379431 3.88116e-09 353.607
40000 10000 91.0112 79 0.00379431 3.88116e-09 98.0799
40000 10000 675.935 77 0.00676275 7.11768e-09 682.855
40000 10000 90.3835 77 0.00676275 7.11768e-09 97.4507
40000 10000 1346.69 77 0.00636474 6.74919e-09 1353.64
40000 10000 91.4798 77 0.00636474 6.74919e-09 98.526
40000 10000 5337.99 76 0.00851208 9.0723e-09 5344.94
40000 10000 158.28 76 0.00851208 9.0723e-09 165.34
80000 1000 0.436179 29 0.0167614 1.46106e-09 1.77578
80000 1000 0.437409 29 0.0167614 1.46106e-09 1.8486
80000 1000 0.659888 22 0.0105911 9.24361e-10 2.05906
80000 1000 0.357368 22 0.0105911 9.24361e-10 1.73877
80000 1000 1.13214 19 0.0103643 1.02482e-09 2.51657
80000 1000 0.311865 19 0.0103643 1.02482e-09 1.71331
80000 1000 2.15654 18 0.0110695 1.19454e-09 3.53628
80000 1000 0.299491 18 0.0110695 1.19454e-09 1.70335
80000 1000 4.08823 17 0.0357301 4.00327e-09 5.47047
80000 1000 0.283442 17 0.0357301 4.00327e-09 1.68325
80000 1000 16.2851 17 0.034593 3.93171e-09 17.6755
80000 1000 0.406047 17 0.034593 3.93171e-09 1.80914
80000 4000 6.50034 34 0.00893595 8.13747e-10 12.0642
80000 4000 6.50488 34 0.00893595 8.13747e-10 12.1656
80000 4000 10.7675 28 0.00603245 7.29572e-10 16.3402
80000 4000 5.46888 28 0.00603245 7.29572e-10 11.128
80000 4000 19.7846 26 0.0100658 1.48302e-09 25.3467
80000 4000 5.38272 26 0.0100658 1.48302e-09 10.9586
80000 4000 38.1543 25 0.0181918 2.8608e-09 43.6631
80000 4000 5.17532 25 0.0181918 2.8608e-09 10.833
80000 4000 75.9185 25 0.0161752 2.5979e-09 81.4734
80000 4000 5.20225 25 0.0161751 2.5979e-09 10.7186
80000 4000 294.684 24 0.0418924 6.77927e-09 300.138
80000 4000 8.43038 24 0.0418924 6.77927e-09 14.0949
80000 10000 50.8677 46 0.00746104 1.08438e-09 64.7339
80000 10000 50.8912 46 0.00746104 1.08438e-09 64.8756
80000 10000 92.4518 42 0.0116575 2.39917e-09 106.32
80000 10000 47.2347 42 0.0116575 2.39917e-09 61.1184
80000 10000 181.066 41 0.0125607 3.13371e-09 194.716
80000 10000 46.5443 41 0.0125607 3.13371e-09 60.548
80000 10000 354.155 40 0.0189126 4.92619e-09 367.812
80000 10000 46.2423 40 0.0189126 4.92619e-09 60.5414
80000 10000 708.878 40 0.0174271 4.58932e-09 722.563
80000 10000 47.334 40 0.0174271 4.58932e-09 61.4146
80000 10000 2747.68 39 0.0322302 8.53834e-09 2761.38
80000 10000 81.6502 39 0.0322302 8.53834e-09 95.6129
160000 1000 0.464313 29 0.0311766 1.36334e-09 3.22329
160000 1000 0.466848 29 0.0311766 1.36334e-09 3.29685
160000 1000 0.700951 22 0.0115974 5.16938e-10 3.45243
160000 1000 0.36616 22 0.0115974 5.16938e-10 3.18949
160000 1000 1.19458 19 0.00713643 3.31662e-10 3.9555
160000 1000 0.326169 19 0.00713643 3.31662e-10 3.1562
160000 1000 2.18887 17 0.022586 1.11293e-09 4.94292
160000 1000 0.301732 17 0.022586 1.11293e-09 3.05722
160000 1000 4.08374 16 0.0612642 3.1141e-09 6.8348
160000 1000 0.288936 16 0.0612642 3.1141e-09 3.11484
160000 1000 16.1031 16 0.0449671 2.30589e-09 18.8936
160000 1000 0.409772 16 0.0449671 2.30589e-09 3.20911
160000 4000 6.19069 32 0.020686 9.42605e-10 17.1498
160000 4000 6.21097 32 0.020686 9.42605e-10 17.4617
160000 4000 9.66871 25 0.00907141 4.4452e-10 20.8011
160000 4000 4.93646 25 0.00907141 4.4452e-10 16.2434
160000 4000 16.974 22 0.0177894 1.0315e-09 28.1012
160000 4000 4.42023 22 0.0177894 1.0315e-09 15.666
160000 4000 32.6946 21 0.0294557 1.82644e-09 43.6475
160000 4000 4.31026 21 0.0294557 1.82644e-09 15.6087
160000 4000 64.909 21 0.0229398 1.48545e-09 75.8682
160000 4000 4.38238 21 0.0229398 1.48545e-09 15.508
160000 4000 247.272 20 0.0709221 4.62452e-09 258.279
160000 4000 7.10085 20 0.0709221 4.62452e-09 18.4012
160000 10000 40.1387 36 0.0197566 9.79687e-10 67.7885
160000 10000 40.1965 36 0.0197566 9.79687e-10 67.9589
160000 10000 66.2792 30 0.0272016 1.80684e-09 93.3514
160000 10000 34.2285 30 0.0272016 1.80684e-09 62.042
160000 10000 129.352 29 0.018983 1.51596e-09 157.064
160000 10000 33.0134 29 0.018983 1.51596e-09 60.7672
160000 10000 248.362 28 0.0333563 2.87228e-09 275.562
160000 10000 32.7238 28 0.0333563 2.87228e-09 60.4508
160000 10000 497.771 28 0.0294725 2.59017e-09 525.036
160000 10000 32.8336 28 0.0294725 2.59017e-09 60.4303
160000 10000 1929.28 27 0.0675002 5.97354e-09 1957.01
160000 10000 56.5622 27 0.0675002 5.97354e-09 84.2721