4000 1000 0.969021 15309 0.00042509 3.60055e-09 1.04267
4000 1000 1.0712 15309 0.00042509 3.60055e-09 1.14053
4000 1000 1.83342 14624 0.000455866 4.5693e-09 1.90661
4000 1000 1.83649 14624 0.000455866 4.5693e-09 1.91132
4000 1000 3.60292 14370 0.000656446 6.94379e-09 3.67635
4000 1000 2.31372 14370 0.000656446 6.94379e-09 2.38338
4000 1000 7.13244 14222 0.000782714 8.35728e-09 7.20675
4000 1000 3.08735 14222 0.000782714 8.35728e-09 3.16272
4000 1000 14.0865 14117 0.000835474 8.98148e-09 14.1604
4000 1000 3.90682 14117 0.000835474 8.98148e-09 3.98227
4000 1000 56.5206 14101 0.000894865 9.68552e-09 56.5953
4000 1000 9.35292 14101 0.000894865 9.68552e-09 9.43005
4000 1000 0.907956 7654 0.000424907 3.60432e-09 0.982109
4000 1000 0.960537 7654 0.000424907 3.60432e-09 1.03496
4000 1000 1.72885 7308 0.000476948 4.78307e-09 1.80319
4000 1000 1.33826 7308 0.000476948 4.78307e-09 1.41333
4000 1000 3.39675 7190 0.000659319 6.99505e-09 3.47106
4000 1000 1.57025 7190 0.000659319 6.99505e-09 1.63961
4000 1000 6.72597 7115 0.00078705 8.37496e-09 6.79971
4000 1000 1.95332 7115 0.00078705 8.37496e-09 2.02834
4000 1000 13.348 7064 0.000834402 8.98174e-09 13.4223
4000 1000 2.37165 7064 0.000834402 8.98174e-09 2.44647
4000 1000 53.3676 7051 0.000893509 9.67299e-09 53.4422
4000 1000 5.15297 7051 0.000893509 9.67299e-09 5.22989
4000 1000 0.849106 766 0.000415928 3.54068e-09 0.922688
4000 1000 0.860782 766 0.000415928 3.54068e-09 0.930089
4000 1000 1.6291 731 0.000471521 4.71928e-09 1.70316
4000 1000 0.87656 731 0.000471521 4.71928e-09 0.951951
4000 1000 3.21607 721 0.000650717 6.87332e-09 3.28997
4000 1000 0.891181 721 0.000650717 6.87332e-09 0.966018
4000 1000 6.35039 712 0.00077714 8.30164e-09 6.42417
4000 1000 0.923336 712 0.00077714 8.30164e-09 0.992249
4000 1000 12.5104 706 0.000830972 8.93088e-09 12.5834
4000 1000 0.95611 706 0.000830972 8.93088e-09 1.02595
4000 1000 49.9725 704 0.00090351 9.77069e-09 50.0469
4000 1000 1.23796 704 0.00090351 9.77069e-09 1.31423
4000 1000 0.845717 153 0.000435046 3.65095e-09 0.919346
4000 1000 0.849931 153 0.000435046 3.65095e-09 0.918516
4000 1000 1.62114 147 0.000495175 4.88056e-09 1.6946
4000 1000 0.835191 147 0.000495175 4.88056e-09 0.909909
4000 1000 3.21585 145 0.00061111 6.46043e-09 3.28911
4000 1000 0.828703 145 0.00061111 6.46043e-09 0.903649
4000 1000 6.33799 143 0.000753311 8.07126e-09 6.4114
4000 1000 0.825194 143 0.000753311 8.07126e-09 0.893169
4000 1000 12.6018 142 0.000806384 8.6735e-09 12.6756
4000 1000 0.821326 142 0.000806384 8.6735e-09 0.895973
4000 1000 50.0504 141 0.00087112 9.4153e-09 50.1254
4000 1000 0.869639 141 0.00087112 9.4153e-09 0.947651
4000 1000 0.853554 77 0.000368909 3.09602e-09 0.927121
4000 1000 0.855113 77 0.000368909 3.09602e-09 0.929264
4000 1000 1.63656 74 0.000466665 4.45753e-09 1.70979
4000 1000 0.838714 74 0.000466665 4.45753e-09 0.913265
4000 1000 3.23474 73 0.000587722 6.08065e-09 3.30815
4000 1000 0.825682 73 0.000587722 6.08065e-09 0.900029
4000 1000 6.37591 72 0.000673269 7.20854e-09 6.44983
4000 1000 0.816768 72 0.000673269 7.20854e-09 0.88649
4000 1000 12.5971 71 0.00083425 8.96159e-09 12.6714
4000 1000 0.804058 71 0.00083425 8.96159e-09 0.879209
4000 1000 50.1515 71 0.000755745 8.16611e-09 50.2268
4000 1000 0.948026 71 0.000755745 8.16611e-09 1.0191
4000 1000 0.840589 38 0.00049957 4.21906e-09 0.91481
4000 1000 0.842186 38 0.00049957 4.21906e-09 0.916622
4000 1000 1.63737 37 0.000457481 4.21037e-09 1.71167
4000 1000 0.832658 37 0.000457481 4.21037e-09 0.907195
4000 1000 3.17364 36 0.000764251 8.00511e-09 3.24795
4000 1000 0.808553 36 0.000764251 8.00511e-09 0.878057
4000 1000 6.37348 36 0.000663934 7.0776e-09 6.44775
4000 1000 0.811195 36 0.000663934 7.0776e-09 0.885517
4000 1000 12.3394 35 0.00105729 1.12888e-08 12.4139
4000 1000 0.784124 35 0.00105729 1.12888e-08 0.859355
4000 1000 49.5817 35 0.000983562 1.06028e-08 49.6569
4000 1000 0.794881 35 0.000983562 1.06028e-08 0.872019
4000 1000 0.840875 19 0.00049957 4.21906e-09 0.913684
4000 1000 0.841645 19 0.00049957 4.21906e-09 0.915961
4000 1000 1.6723 19 0.000263165 2.4857e-09 1.74588
4000 1000 0.854501 19 0.000263165 2.4857e-09 0.924015
4000 1000 3.1894 18 0.000820251 8.57713e-09 3.26343
4000 1000 0.807392 18 0.000820251 8.57713e-09 0.882768
4000 1000 6.37983 18 0.000677373 7.21595e-09 6.45414
4000 1000 0.806431 18 0.000677373 7.21595e-09 0.876044
4000 1000 12.6835 18 0.000571561 6.11545e-09 12.758
4000 1000 0.801443 18 0.000571561 6.11545e-09 0.877268
4000 1000 50.9374 18 0.000539104 5.80995e-09 51.0121
4000 1000 0.925893 18 0.000539104 5.80995e-09 1.00261
4000 1000 0.885409 8 0.00014683 1.26814e-09 0.95911
4000 1000 0.885695 8 0.00014683 1.26814e-09 0.954164
4000 1000 1.77066 8 8.5079e-05 8.01826e-10 1.84397
4000 1000 0.90136 8 8.5079e-05 8.01826e-10 0.970796
4000 1000 3.5406 8 8.20989e-05 8.52862e-10 3.61345
4000 1000 0.894515 8 8.20989e-05 8.52862e-10 0.963458
4000 1000 7.08204 8 6.61661e-05 7.08801e-10 7.15659
4000 1000 0.893394 8 6.61661e-05 7.08801e-10 0.963221
4000 1000 12.3915 7 0.001142 1.22068e-08 12.464
4000 1000 0.774669 7 0.001142 1.22068e-08 0.843979
4000 1000 49.3219 7 0.000976439 1.05076e-08 49.3972
4000 1000 0.778955 7 0.000976439 1.05076e-08 0.850016
20000 1000 0.464919 6378 0.00330423 1.24487e-09 0.809834
20000 1000 0.507384 6378 0.00330423 1.24487e-09 0.861493
20000 1000 0.739023 5052 0.00291543 1.59021e-09 1.08474
20000 1000 0.71624 5052 0.00291543 1.59021e-09 1.06701
20000 1000 1.37372 4742 0.00429108 2.61398e-09 1.71448
20000 1000 0.81418 4742 0.00429108 2.61398e-09 1.16529
20000 1000 2.65626 4577 0.00752846 4.73835e-09 3.00085
20000 1000 1.05845 4577 0.00752846 4.73835e-09 1.40882
20000 1000 5.2319 4508 0.0099164 6.29758e-09 5.57751
20000 1000 1.32606 4508 0.0099164 6.29758e-09 1.6765
20000 1000 20.4754 4436 0.0137958 8.7965e-09 20.822
20000 1000 3.01664 4436 0.0137958 8.7965e-09 3.37135
20000 1000 0.440375 3189 0.00330423 1.24487e-09 0.785367
20000 1000 0.46296 3189 0.00330423 1.24487e-09 0.813342
20000 1000 0.698509 2528 0.00292671 1.58754e-09 1.04457
20000 1000 0.536157 2528 0.00292671 1.58754e-09 0.885585
20000 1000 1.33852 2373 0.00430212 2.63279e-09 1.68356
20000 1000 0.579773 2373 0.00430212 2.63279e-09 0.933737
20000 1000 2.52578 2291 0.00750074 4.72192e-09 2.87039
20000 1000 0.692997 2291 0.00750074 4.72192e-09 1.04342
20000 1000 4.97852 2256 0.00985576 6.2705e-09 5.325
20000 1000 0.823976 2256 0.00985576 6.2705e-09 1.1786
20000 1000 19.6161 2219 0.0137178 8.74361e-09 19.9569
20000 1000 1.70162 2219 0.0137178 8.74361e-09 2.05417
20000 1000 0.419332 319 0.00326132 1.23629e-09 0.764996
20000 1000 0.431023 319 0.00326132 1.23629e-09 0.781429
20000 1000 0.686868 255 0.00285793 1.52743e-09 1.03566
20000 1000 0.370839 255 0.00285793 1.52743e-09 0.716957
20000 1000 1.24193 238 0.00440754 2.68669e-09 1.58644
20000 1000 0.358215 238 0.00440754 2.68669e-09 0.707281
20000 1000 2.41043 230 0.00727751 4.56764e-09 2.75612
20000 1000 0.356571 230 0.00727751 4.56764e-09 0.70733
20000 1000 4.7355 226 0.00981819 6.24936e-09 5.08083
20000 1000 0.367292 226 0.00981819 6.24936e-09 0.717836
20000 1000 18.6418 222 0.0135805 8.65839e-09 18.9871
20000 1000 0.588239 222 0.0135805 8.65839e-09 0.940157
20000 1000 0.426539 64 0.00290876 1.14114e-09 0.771741
20000 1000 0.41981 64 0.00290876 1.14114e-09 0.769557
20000 1000 0.675481 52 0.00234407 1.15689e-09 1.02079
20000 1000 0.362401 52 0.00234407 1.15689e-09 0.711585
20000 1000 1.25832 48 0.00416363 2.501e-09 1.60889
20000 1000 0.335639 48 0.00416363 2.501e-09 0.68654
20000 1000 2.39666 46 0.00788939 4.92492e-09 2.73387
20000 1000 0.325158 46 0.00788939 4.92492e-09 0.675281
20000 1000 4.84882 45 0.0109991 6.95794e-09 5.19371
20000 1000 0.3214 45 0.0109991 6.95794e-09 0.672976
20000 1000 19.4363 45 0.00975818 6.21605e-09 19.7828
20000 1000 0.397387 45 0.00975818 6.21605e-09 0.749495
20000 1000 0.418458 32 0.00290876 1.14114e-09 0.758051
20000 1000 0.419706 32 0.00290876 1.14114e-09 0.769754
20000 1000 0.707904 27 0.00120045 5.82839e-10 1.05439
20000 1000 0.375899 27 0.00120045 5.82839e-10 0.72952
20000 1000 1.25379 24 0.0046138 2.65598e-09 1.60027
20000 1000 0.337189 24 0.0046138 2.65598e-09 0.690729
20000 1000 2.58298 24 0.00303413 1.89567e-09 2.93747
20000 1000 0.336357 24 0.00303413 1.89567e-09 0.6871
20000 1000 4.78025 23 0.00635253 4.00202e-09 5.12712
20000 1000 0.319864 23 0.00635253 4.00202e-09 0.672177
20000 1000 19.1283 23 0.0058882 3.75347e-09 19.4796
20000 1000 0.391802 23 0.0058882 3.75347e-09 0.747162
20000 1000 0.418171 16 0.00290876 1.14114e-09 0.765419
20000 1000 0.418406 16 0.00290876 1.14114e-09 0.770231
20000 1000 0.729041 14 0.000870317 3.85505e-10 1.07417
20000 1000 0.390247 14 0.000870317 3.85505e-10 0.740222
20000 1000 1.34885 13 0.00099353 5.5053e-10 1.69708
20000 1000 0.363994 13 0.00099353 5.5053e-10 0.714271
20000 1000 2.49469 12 0.00372457 2.30302e-09 2.84006
20000 1000 0.334741 12 0.00372457 2.30302e-09 0.6778
20000 1000 5.16064 12 0.00249276 1.56652e-09 5.50917
20000 1000 0.332325 12 0.00249276 1.56652e-09 0.683851
20000 1000 20.6454 12 0.00226638 1.44899e-09 20.9913
20000 1000 0.39771 12 0.00226638 1.44899e-09 0.751833
20000 1000 0.415198 8 0.00290876 1.14114e-09 0.759429
20000 1000 0.415471 8 0.00290876 1.14114e-09 0.7686
20000 1000 0.731512 7 0.00289553 1.17823e-09 1.07702
20000 1000 0.387882 7 0.00289553 1.17823e-09 0.738713
20000 1000 1.4588 7 0.000241146 1.18368e-10 1.80428
20000 1000 0.384771 7 0.000241146 1.18368e-10 0.733599
20000 1000 2.99667 7 9.20857e-05 5.41881e-11 3.342
20000 1000 0.390503 7 9.20857e-05 5.41881e-11 0.7404
20000 1000 4.99549 6 0.00333072 2.05628e-09 5.3422
20000 1000 0.331382 6 0.00333072 2.05628e-09 0.677309
20000 1000 20.6687 6 0.00253441 1.61914e-09 21.0145
20000 1000 0.488952 6 0.00253441 1.61914e-09 0.841871
20000 1000 0.518807 4 2.73501e-06 1.06901e-12 0.864063
20000 1000 0.520577 4 2.73501e-06 1.06901e-12 0.870593
20000 1000 0.793278 3 0.00227532 7.84451e-10 1.13561
20000 1000 0.414075 3 0.00227532 7.84451e-10 0.764427
20000 1000 1.60422 3 0.000327117 1.31059e-10 1.94986
20000 1000 0.411486 3 0.000327117 1.31059e-10 0.762171
20000 1000 3.12459 3 6.06253e-05 2.79138e-11 3.47017
20000 1000 0.409053 3 6.06253e-05 2.79138e-11 0.75952
20000 1000 6.3667 3 1.87762e-05 9.94224e-12 6.71269
20000 1000 0.413474 3 1.87762e-05 9.94224e-12 0.765246
20000 1000 24.9759 3 7.8846e-06 5.03542e-12 25.3222
20000 1000 0.487617 3 7.8846e-06 5.03542e-12 0.843555
20000 4000 13.4985 50618 0.00176946 1.90931e-09 14.8966
20000 4000 13.9241 50618 0.00176946 1.90931e-09 15.3283
20000 4000 25.1067 47723 0.00240588 3.61257e-09 26.5008
20000 4000 21.1507 47723 0.00240588 3.61257e-09 22.5656
20000 4000 48.4313 46531 0.00332646 5.29644e-09 49.7873
20000 4000 24.6289 46531 0.00332646 5.29644e-09 26.0281
20000 4000 95.6236 45754 0.00450283 7.33142e-09 97.0122
20000 4000 29.5991 45754 0.00450283 7.33142e-09 31.0139
20000 4000 189.674 45490 0.0051602 8.46543e-09 191.051
20000 4000 40.2431 45490 0.0051602 8.46543e-09 41.6571
20000 4000 748.314 45101 0.00579955 9.52619e-09 749.692
20000 4000 108.112 45101 0.00579955 9.52619e-09 109.534
20000 4000 12.5923 25309 0.00176946 1.90931e-09 13.9684
20000 4000 12.8536 25309 0.00176946 1.90931e-09 14.2461
20000 4000 23.4719 23859 0.0024377 3.6155e-09 24.8475
20000 4000 16.2752 23859 0.0024377 3.6155e-09 17.6722
20000 4000 45.5272 23262 0.0032426 5.17007e-09 46.9028
20000 4000 18.0117 23262 0.0032426 5.17007e-09 19.4268
20000 4000 89.419 22870 0.00446493 7.26739e-09 90.8152
20000 4000 20.5465 22870 0.00446493 7.26739e-09 21.9609
20000 4000 178.594 22747 0.00514013 8.42131e-09 179.952
20000 4000 25.7605 22747 0.00514013 8.42131e-09 27.1467
20000 4000 715.75 22549 0.0057938 9.51602e-09 717.138
20000 4000 62.926 22549 0.0057938 9.51602e-09 64.3497
20000 4000 11.8654 2531 0.00180059 1.90776e-09 13.2426
20000 4000 11.8961 2531 0.00180059 1.90776e-09 13.2967
20000 4000 22.1106 2390 0.00243525 3.57879e-09 23.501
20000 4000 12.3396 2390 0.00243525 3.57879e-09 13.7385
20000 4000 43.1388 2330 0.00324396 5.16215e-09 44.5227
20000 4000 12.1667 2330 0.00324396 5.16215e-09 13.5876
20000 4000 84.5177 2292 0.00445922 7.26944e-09 85.8958
20000 4000 12.206 2292 0.00445922 7.26944e-09 13.6262
20000 4000 168.96 2278 0.00507236 8.32594e-09 170.338
20000 4000 12.803 2278 0.00507236 8.32594e-09 14.2052
20000 4000 674.962 2256 0.00576794 9.47455e-09 676.359
20000 4000 22.5691 2256 0.00576794 9.47455e-09 23.9731
20000 4000 11.7677 506 0.00177323 1.92404e-09 13.1486
20000 4000 11.7887 506 0.00177323 1.92404e-09 13.2202
20000 4000 22.1053 479 0.00232264 3.46309e-09 23.4604
20000 4000 11.5468 479 0.00232264 3.46309e-09 12.9478
20000 4000 42.8099 466 0.00325179 5.15893e-09 44.1901
20000 4000 11.5908 466 0.00325179 5.15893e-09 12.9897
20000 4000 84.4731 459 0.00433249 7.0492e-09 85.865
20000 4000 11.4386 459 0.00433249 7.0492e-09 12.8391
20000 4000 167.347 456 0.00504673 8.28035e-09 168.721
20000 4000 11.6034 456 0.00504673 8.28035e-09 13.009
20000 4000 672.531 451 0.00582132 9.56132e-09 673.912
20000 4000 18.8433 451 0.00582132 9.56132e-09 20.2623
20000 4000 11.7903 253 0.00177323 1.92404e-09 13.1727
20000 4000 11.81 253 0.00177323 1.92404e-09 13.2263
20000 4000 22.2317 240 0.00222972 3.26236e-09 23.6105
20000 4000 11.9718 240 0.00222972 3.26236e-09 13.3737
20000 4000 43.332 233 0.00317782 5.02364e-09 44.7215
20000 4000 11.562 233 0.00317782 5.02364e-09 12.9597
20000 4000 84.7639 229 0.00445496 7.23155e-09 86.1457
20000 4000 11.3384 229 0.00445496 7.23155e-09 12.7465
20000 4000 167.973 228 0.00498547 8.16911e-09 169.36
20000 4000 11.3695 228 0.00498547 8.16911e-09 12.7709
20000 4000 669.993 226 0.00554024 9.10259e-09 671.394
20000 4000 18.5118 226 0.00554024 9.10259e-09 19.9145
20000 4000 11.8206 127 0.00161291 1.7388e-09 13.213
20000 4000 11.7686 127 0.00161291 1.7388e-09 13.1676
20000 4000 22.407 121 0.0019812 2.84104e-09 23.7949
20000 4000 11.669 121 0.0019812 2.84104e-09 13.0895
20000 4000 43.1027 117 0.00278417 4.37298e-09 44.4828
20000 4000 11.5533 117 0.00278417 4.37298e-09 12.9472
20000 4000 84.2938 115 0.00408368 6.59089e-09 85.6718
20000 4000 11.3297 115 0.00408368 6.59089e-09 12.7497
20000 4000 167.842 114 0.00500485 8.19238e-09 169.22
20000 4000 11.2653 114 0.00500485 8.19238e-09 12.6758
20000 4000 664.95 113 0.00558568 9.17676e-09 666.333
20000 4000 18.3626 113 0.00558568 9.17676e-09 19.7848
20000 4000 11.7383 63 0.0022317 2.11998e-09 13.1186
20000 4000 11.5532 63 0.0022317 2.11998e-09 12.9645
20000 4000 22.63 61 0.00169085 2.42672e-09 24.0151
20000 4000 11.6614 61 0.00169085 2.42672e-09 13.0771
20000 4000 43.824 59 0.00239486 3.72796e-09 45.2037
20000 4000 11.6589 59 0.00239486 3.72796e-09 13.0411
20000 4000 85.041 58 0.00334848 5.41795e-09 86.4187
20000 4000 11.3839 58 0.00334848 5.41795e-09 12.7838
20000 4000 168.265 57 0.00500836 8.17541e-09 169.67
20000 4000 11.2174 57 0.00500836 8.17541e-09 12.641
20000 4000 668.389 57 0.00458446 7.53433e-09 669.768
20000 4000 18.1287 57 0.00458446 7.53433e-09 19.5306
20000 4000 12.0144 26 0.000894853 9.66563e-10 13.4143
20000 4000 12.061 26 0.000894853 9.66563e-10 13.4769
20000 4000 22.2009 24 0.00280564 3.90166e-09 23.588
20000 4000 11.9076 24 0.00280564 3.90166e-09 13.3019
20000 4000 44.0852 24 0.00173967 2.69578e-09 45.4771
20000 4000 11.7926 24 0.00173967 2.69578e-09 13.2041
20000 4000 84.4195 23 0.00430786 6.91777e-09 85.817
20000 4000 11.2817 23 0.00430786 6.91777e-09 12.6501
20000 4000 168.633 23 0.00427294 6.97544e-09 170.013
20000 4000 11.3103 23 0.00427294 6.97544e-09 12.6916
20000 4000 675.991 23 0.00383023 6.29764e-09 677.381
20000 4000 18.4336 23 0.00383023 6.29764e-09 19.8512
40000 1000 0.468261 6052 0.00639643 1.08514e-09 1.15817
40000 1000 0.509128 6052 0.00639643 1.08514e-09 1.21923
40000 1000 0.676617 4380 0.00591974 1.26471e-09 1.36693
40000 1000 0.630203 4380 0.00591974 1.26471e-09 1.33137
40000 1000 1.22932 3995 0.00977544 2.41888e-09 1.92791
40000 1000 0.725668 3995 0.00977544 2.41888e-09 1.42684
40000 1000 2.37204 3839 0.0175475 4.49858e-09 3.06295
40000 1000 0.918008 3839 0.0175475 4.49858e-09 1.62964
40000 1000 4.59851 3760 0.024963 6.46197e-09 5.28967
40000 1000 1.12677 3760 0.024963 6.46197e-09 1.83242
40000 1000 18.4084 3711 0.0338646 8.79899e-09 19.1109
40000 1000 2.59335 3711 0.0338646 8.79899e-09 3.29635
40000 1000 0.445004 3026 0.00639643 1.08514e-09 1.13305
40000 1000 0.467233 3026 0.00639643 1.08514e-09 1.1677
40000 1000 0.643225 2192 0.00571327 1.23986e-09 1.3408
40000 1000 0.479503 2192 0.00571327 1.23986e-09 1.17004
40000 1000 1.17068 1999 0.00970792 2.39949e-09 1.86125
40000 1000 0.518887 1999 0.00970792 2.39949e-09 1.21997
40000 1000 2.27021 1921 0.0174032 4.47294e-09 2.96742
40000 1000 0.606081 1921 0.0174032 4.47294e-09 1.31288
40000 1000 4.39569 1881 0.0248063 6.42163e-09 5.08604
40000 1000 0.708639 1881 0.0248063 6.42163e-09 1.41808
40000 1000 17.4466 1856 0.033617 8.73627e-09 18.1381
40000 1000 1.503 1856 0.033617 8.73627e-09 2.19497
40000 1000 0.425126 303 0.00573499 1.04391e-09 1.12388
40000 1000 0.427592 303 0.00573499 1.04391e-09 1.13775
40000 1000 0.615362 220 0.00592735 1.25922e-09 1.30881
40000 1000 0.342764 220 0.00592735 1.25922e-09 1.04317
40000 1000 1.12185 201 0.00907632 2.23755e-09 1.81084
40000 1000 0.326291 201 0.00907632 2.23755e-09 1.02636
40000 1000 2.21533 193 0.0159033 4.08224e-09 2.90534
40000 1000 0.325382 193 0.0159033 4.08224e-09 1.02788
40000 1000 4.23541 188 0.0246535 6.37617e-09 4.95255
40000 1000 0.329566 188 0.0246535 6.37617e-09 1.0297
40000 1000 16.7031 186 0.0316564 8.22567e-09 17.3942
40000 1000 0.502849 186 0.0316564 8.22567e-09 1.21291
40000 1000 0.426793 61 0.00532328 9.17107e-10 1.11563
40000 1000 0.427282 61 0.00532328 9.17107e-10 1.12665
40000 1000 0.634081 45 0.00669614 1.31031e-09 1.32469
40000 1000 0.339362 45 0.00669614 1.31031e-09 1.04136
40000 1000 1.14741 41 0.00632071 1.50392e-09 1.83852
40000 1000 0.314484 41 0.00632071 1.50392e-09 1.01518
40000 1000 2.16908 39 0.0132819 3.38627e-09 2.8667
40000 1000 0.300961 39 0.0132819 3.38627e-09 1.00275
40000 1000 4.23944 38 0.0199049 5.14102e-09 4.93621
40000 1000 0.294046 38 0.0199049 5.14102e-09 0.994862
40000 1000 16.7333 37 0.0350234 9.08583e-09 17.4242
40000 1000 0.403285 37 0.0350234 9.08583e-09 1.10494
40000 1000 0.419278 30 0.00773209 1.35479e-09 1.10923
40000 1000 0.421767 30 0.00773209 1.35479e-09 1.132
40000 1000 0.642398 23 0.00652082 1.35322e-09 1.34222
40000 1000 0.343859 23 0.00652082 1.35322e-09 1.05333
40000 1000 1.18594 21 0.00436063 1.0132e-09 1.88674
40000 1000 0.318253 21 0.00436063 1.0132e-09 1.01961
40000 1000 2.23567 20 0.00761994 1.91988e-09 2.93049
40000 1000 0.302428 20 0.00761994 1.91988e-09 1.00336
40000 1000 4.23446 19 0.01963 5.04105e-09 4.92711
40000 1000 0.289478 19 0.01963 5.04105e-09 1.03025
40000 1000 17.0279 19 0.0185014 4.80114e-09 17.7187
40000 1000 0.401259 19 0.0185014 4.80114e-09 1.10151
40000 1000 0.420498 15 0.00773209 1.35479e-09 1.11044
40000 1000 0.419539 15 0.00773209 1.35479e-09 1.14933
40000 1000 0.668631 12 0.0066615 1.29133e-09 1.36449
40000 1000 0.356104 12 0.0066615 1.29133e-09 1.05695
40000 1000 1.2351 11 0.00266648 5.62832e-10 1.91583
40000 1000 0.333119 11 0.00266648 5.62832e-10 1.02441
40000 1000 2.29959 10 0.00922622 2.25151e-09 2.99017
40000 1000 0.301317 10 0.00922622 2.25151e-09 1.00338
40000 1000 4.47486 10 0.00623579 1.5861e-09 5.16821
40000 1000 0.301556 10 0.00623579 1.5861e-09 1.00472
40000 1000 17.9051 10 0.00539811 1.40347e-09 18.6019
40000 1000 0.412779 10 0.00539811 1.40347e-09 1.1173
40000 1000 0.449966 8 0.00121075 2.1538e-10 1.14123
40000 1000 0.451121 8 0.00121075 2.1538e-10 1.15189
40000 1000 0.779734 7 0.000575171 1.0625e-10 1.4745
40000 1000 0.426253 7 0.000575171 1.0625e-10 1.13547
40000 1000 1.35224 6 0.00168864 3.25409e-10 2.04342
40000 1000 0.361971 6 0.00168864 3.25409e-10 1.06347
40000 1000 2.70582 6 0.000186076 4.03406e-11 3.39707
40000 1000 0.359795 6 0.000186076 4.03406e-11 1.0699
40000 1000 4.45312 5 0.0103286 2.47649e-09 5.14304
40000 1000 0.301276 5 0.0103286 2.47649e-09 1.00885
40000 1000 17.9068 5 0.00556112 1.43611e-09 18.6075
40000 1000 0.409382 5 0.00556112 1.43611e-09 1.11195
40000 1000 0.419206 3 0.00773209 1.35479e-09 1.11022
40000 1000 0.418837 3 0.00773209 1.35479e-09 1.12233
40000 1000 0.833123 3 0.000909781 1.55709e-10 1.52855
40000 1000 0.444964 3 0.000909781 1.55709e-10 1.14399
40000 1000 1.6853 3 0.000109923 1.84374e-11 2.38182
40000 1000 0.451269 3 0.000109923 1.84374e-11 1.16134
40000 1000 3.38136 3 1.40729e-05 2.60855e-12 4.07207
40000 1000 0.446938 3 1.40729e-05 2.60855e-12 1.14781
40000 1000 6.69464 3 2.08464e-06 3.99109e-13 7.38556
40000 1000 0.448503 3 2.08464e-06 3.99109e-13 1.1447
40000 1000 26.8078 3 8.3497e-08 1.87041e-14 27.499
40000 1000 0.608892 3 8.3497e-08 1.87041e-14 1.31673
40000 4000 8.57328 31793 0.00447121 1.10202e-09 11.3201
40000 4000 8.88076 31793 0.00447121 1.10202e-09 11.7859
40000 4000 15.0891 28219 0.00543198 2.15973e-09 17.8338
40000 4000 12.5913 28219 0.00543198 2.15973e-09 15.4094
40000 4000 28.9261 27288 0.00956355 4.26446e-09 31.7144
40000 4000 14.2713 27288 0.00956355 4.26446e-09 17.062
40000 4000 57.2064 26739 0.0145413 6.63232e-09 60.0661
40000 4000 17.5328 26739 0.0145413 6.63232e-09 20.3663
40000 4000 112.67 26545 0.0175601 8.0625e-09 115.458
40000 4000 23.694 26545 0.0175601 8.0625e-09 26.5191
40000 4000 448.284 26321 0.0205889 9.47991e-09 451.072
40000 4000 63.6297 26321 0.0205889 9.47991e-09 66.4225
40000 4000 8.02184 15897 0.00447054 1.10058e-09 10.7796
40000 4000 8.22697 15897 0.00447054 1.10058e-09 11.0152
40000 4000 14.1323 14115 0.00540493 2.15953e-09 16.8966
40000 4000 9.81499 14115 0.00540493 2.15953e-09 12.6097
40000 4000 27.2056 13641 0.00957972 4.27238e-09 29.9552
40000 4000 10.6966 13641 0.00957972 4.27238e-09 13.5275
40000 4000 52.7168 13370 0.0145275 6.62784e-09 55.5015
40000 4000 12.2399 13370 0.0145275 6.62784e-09 15.0681
40000 4000 106.247 13275 0.0175565 8.0566e-09 108.994
40000 4000 15.284 13275 0.0175565 8.0566e-09 18.0767
40000 4000 422.556 13163 0.0205206 9.44975e-09 425.343
40000 4000 37.2073 13163 0.0205206 9.44975e-09 39.9997
40000 4000 7.55999 1590 0.00468941 1.09045e-09 10.3205
40000 4000 7.59517 1590 0.00468941 1.09045e-09 10.3879
40000 4000 13.3362 1414 0.00524522 2.08451e-09 16.1033
40000 4000 7.15012 1414 0.00524522 2.08451e-09 9.94059
40000 4000 25.514 1366 0.00935437 4.16697e-09 28.2623
40000 4000 7.39935 1366 0.00935437 4.16697e-09 10.2077
40000 4000 50.8535 1340 0.0139822 6.37928e-09 53.6309
40000 4000 7.37588 1340 0.0139822 6.37928e-09 10.206
40000 4000 100.06 1328 0.0174171 7.98959e-09 102.808
40000 4000 7.70301 1328 0.0174171 7.98959e-09 10.5336
40000 4000 396.858 1317 0.0204021 9.39752e-09 399.604
40000 4000 13.8013 1317 0.0204021 9.39752e-09 16.6368
40000 4000 7.44952 318 0.00468941 1.09045e-09 10.228
40000 4000 7.53827 318 0.00468941 1.09045e-09 10.3242
40000 4000 13.4014 284 0.00507196 2.00187e-09 16.1553
40000 4000 7.12082 284 0.00507196 2.00187e-09 9.87828
40000 4000 25.9574 274 0.00892559 3.95995e-09 28.6888
40000 4000 6.96302 274 0.00892559 3.95995e-09 9.75715
40000 4000 50.2139 268 0.0141749 6.46147e-09 52.9626
40000 4000 6.88529 268 0.0141749 6.46147e-09 9.67589
40000 4000 99.7036 266 0.0169476 7.76797e-09 102.45
40000 4000 6.91636 266 0.0169476 7.76797e-09 9.70534
40000 4000 394.463 263 0.0211008 9.71627e-09 397.234
40000 4000 11.7042 263 0.0211008 9.71627e-09 14.5028
40000 4000 7.44896 159 0.00468941 1.09045e-09 10.2305
40000 4000 7.5257 159 0.00468941 1.09045e-09 10.3498
40000 4000 13.3564 142 0.00518058 2.00955e-09 16.1373
40000 4000 6.88274 142 0.00518058 2.00955e-09 9.67207
40000 4000 25.6645 137 0.00880989 3.89025e-09 28.4389
40000 4000 6.92231 137 0.00880989 3.89025e-09 9.7375
40000 4000 50.452 134 0.0141827 6.45871e-09 53.2009
40000 4000 6.82404 134 0.0141827 6.45871e-09 9.61678
40000 4000 99.5797 133 0.0168979 7.74376e-09 102.375
40000 4000 6.90388 133 0.0168979 7.74376e-09 9.69661
40000 4000 399.78 132 0.0192665 8.87169e-09 402.558
40000 4000 11.4736 132 0.0192665 8.87169e-09 14.2695
40000 4000 7.3984 79 0.00538393 1.31239e-09 10.1489
40000 4000 7.4207 79 0.00538393 1.31239e-09 10.2059
40000 4000 13.4197 71 0.00578402 2.19051e-09 16.1668
40000 4000 6.90064 71 0.00578402 2.19051e-09 9.72744
40000 4000 26.0157 69 0.00762574 3.31454e-09 28.8039
40000 4000 6.89148 69 0.00762574 3.31454e-09 9.72492
40000 4000 50.2435 67 0.014439 6.56961e-09 52.9898
40000 4000 6.81158 67 0.014439 6.56961e-09 9.63838
40000 4000 100.057 67 0.0141075 6.4688e-09 102.804
40000 4000 6.92401 67 0.0141075 6.4688e-09 9.75975
40000 4000 398.337 66 0.0193354 8.90695e-09 401.122
40000 4000 11.3279 66 0.0193354 8.90695e-09 14.1202
40000 4000 7.5385 40 0.00395977 9.44332e-10 10.2884
40000 4000 7.53745 40 0.00395977 9.44332e-10 10.3285
40000 4000 13.5057 36 0.0046228 1.6288e-09 16.2922
40000 4000 7.17721 36 0.0046228 1.6288e-09 9.97346
40000 4000 26.2697 35 0.00543152 2.34058e-09 29.0205
40000 4000 6.95274 35 0.00543152 2.34058e-09 9.741
40000 4000 51.1408 34 0.00984272 4.45669e-09 53.9292
40000 4000 6.87514 34 0.00984272 4.45669e-09 9.67428
40000 4000 102.016 34 0.00998663 4.57942e-09 104.799
40000 4000 6.98353 34 0.00998663 4.57942e-09 9.77139
40000 4000 400.081 33 0.0190333 8.76634e-09 402.836
40000 4000 11.1046 33 0.0190333 8.76634e-09 13.9092
40000 4000 7.50565 16 0.00395977 9.44332e-10 10.2878
40000 4000 7.52459 16 0.00395977 9.44332e-10 10.3149
40000 4000 14.1359 15 0.00237048 8.17828e-10 16.8862
40000 4000 7.26793 15 0.00237048 8.17828e-10 10.103
40000 4000 26.3779 14 0.00702648 2.9492e-09 29.1591
40000 4000 6.98501 14 0.00702648 2.9492e-09 9.77848
40000 4000 52.4724 14 0.0051825 2.31655e-09 55.2372
40000 4000 7.05925 14 0.0051825 2.31655e-09 9.88726
40000 4000 104.337 14 0.00504903 2.30886e-09 107.121
40000 4000 7.06177 14 0.00504903 2.30886e-09 9.8547
40000 4000 423.258 14 0.00456184 2.10514e-09 426.007
40000 4000 11.8911 14 0.00456184 2.10514e-09 14.7232
40000 10000 106.293 167284 0.00263828 1.71339e-09 113.163
40000 10000 109.194 167284 0.00263828 1.71339e-09 116.239
40000 10000 199.714 159281 0.00359092 3.48821e-09 206.637
40000 10000 164.431 159281 0.00359092 3.48821e-09 171.27
40000 10000 389.889 155929 0.00509048 5.30105e-09 396.91
40000 10000 182.951 155929 0.00509048 5.30105e-09 189.983
40000 10000 767.723 153939 0.00669292 7.07619e-09 774.659
40000 10000 229.021 153939 0.00669292 7.07619e-09 236.171
40000 10000 1525.09 152628 0.00786999 8.36667e-09 1532.03
40000 10000 314.56 152628 0.00786999 8.36667e-09 321.511
40000 10000 6077.24 151634 0.00896737 9.5596e-09 6084.3
40000 10000 865.962 151634 0.00896737 9.5596e-09 873.017
40000 10000 99.2033 83642 0.00263828 1.71339e-09 106.136
40000 10000 99.9322 83642 0.00263828 1.71339e-09 107.005
40000 10000 187.391 79680 0.00357849 3.48719e-09 194.323
40000 10000 126.639 79680 0.00357849 3.48719e-09 133.692
40000 10000 365.057 77993 0.0050458 5.25033e-09 371.891
40000 10000 139.823 77993 0.0050458 5.25033e-09 146.845
40000 10000 721.24 76975 0.00668877 7.07802e-09 728.081
40000 10000 160.664 76975 0.00668877 7.07802e-09 167.703
40000 10000 1441.86 76314 0.00785558 8.35055e-09 1448.8
40000 10000 203.96 76314 0.00785558 8.35055e-09 210.995
40000 10000 5760.15 75818 0.00896172 9.54896e-09 5767.21
40000 10000 531.195 75818 0.00896172 9.54896e-09 538.289
40000 10000 92.3125 8364 0.00262411 1.71447e-09 99.1578
40000 10000 92.5211 8364 0.00262411 1.71447e-09 99.4868
40000 10000 176.968 7983 0.00349138 3.39038e-09 183.92
40000 10000 93.4714 7983 0.00349138 3.39038e-09 100.511
40000 10000 343.877 7813 0.00499979 5.1947e-09 350.799
40000 10000 94.9461 7813 0.00499979 5.1947e-09 101.944
40000 10000 681.237 7706 0.00657846 6.96239e-09 688.094
40000 10000 97.7484 7706 0.00657846 6.96239e-09 104.757
40000 10000 1349.44 7638 0.00779167 8.2872e-09 1356.38
40000 10000 101.96 7638 0.00779167 8.2872e-09 108.984
40000 10000 5391.44 7583 0.00894296 9.52912e-09 5398.4
40000 10000 193.07 7583 0.00894296 9.52912e-09 200.14
40000 10000 92.3645 1673 0.00249395 1.70941e-09 99.3111
40000 10000 91.8331 1673 0.00249395 1.70941e-09 98.7795
40000 10000 176.247 1597 0.0034478 3.33797e-09 183.229
40000 10000 91.857 1597 0.0034478 3.33797e-09 98.8177
40000 10000 343.117 1563 0.00488113 5.07754e-09 350.055
40000 10000 89.8623 1563 0.00488113 5.07754e-09 96.9231
40000 10000 679.745 1541 0.00661623 7.00491e-09 686.701
40000 10000 91.7854 1541 0.00661623 7.00491e-09 98.746
40000 10000 1345.66 1528 0.0077937 8.2867e-09 1352.6
40000 10000 92.9671 1528 0.0077937 8.2867e-09 99.9849
40000 10000 5325.99 1517 0.00889115 9.47549e-09 5332.93
40000 10000 163.677 1517 0.00889115 9.47549e-09 170.635
40000 10000 91.1038 836 0.00255109 1.73596e-09 97.9461
40000 10000 91.6673 836 0.00255109 1.73596e-09 98.6075
40000 10000 174.918 799 0.00345899 3.36581e-09 181.855
40000 10000 90.0659 799 0.00345899 3.36581e-09 97.1274
40000 10000 342.398 782 0.00492903 5.12147e-09 349.216
40000 10000 91.7377 782 0.00492903 5.12147e-09 98.8026
40000 10000 675.553 771 0.00659282 6.9803e-09 682.504
40000 10000 91.1752 771 0.00659282 6.9803e-09 98.1366
40000 10000 1337.95 764 0.00774172 8.22699e-09 1344.8
40000 10000 91.344 764 0.00774172 8.22699e-09 98.3082
40000 10000 5368.78 759 0.00881679 9.39757e-09 5375.65
40000 10000 217.095 759 0.00881679 9.39757e-09 224.064
40000 10000 91.8989 418 0.00255109 1.73596e-09 98.8171
40000 10000 92.1617 418 0.00255109 1.73596e-09 99.1939
40000 10000 175.548 400 0.00334761 3.23262e-09 182.391
40000 10000 91.3159 400 0.00334761 3.23262e-09 98.3501
40000 10000 343.61 392 0.00463618 4.7557e-09 350.466
40000 10000 91.722 392 0.00463618 4.7557e-09 98.8358
40000 10000 677.051 386 0.0063887 6.75957e-09 683.943
40000 10000 90.8414 386 0.0063887 6.75957e-09 97.9036
40000 10000 1338.68 382 0.00771837 8.19543e-09 1345.53
40000 10000 91.0602 382 0.00771837 8.19543e-09 98.1225
40000 10000 5325.83 379 0.0090697 9.66812e-09 5332.69
40000 10000 158.909 379 0.0090697 9.66812e-09 165.965
40000 10000 92.0469 209 0.00255109 1.73596e-09 98.8969
40000 10000 92.2257 209 0.00255109 1.73596e-09 99.28
40000 10000 175.15 200 0.0033132 3.15905e-09 182.09
40000 10000 90.7667 200 0.0033132 3.15905e-09 97.7236
40000 10000 345.194 196 0.00464195 4.73369e-09 352.102
40000 10000 89.9464 196 0.00464195 4.73369e-09 97.1376
40000 10000 683.937 193 0.00636696 6.72832e-09 690.807
40000 10000 90.7265 193 0.00636696 6.72832e-09 97.7105
40000 10000 1340.68 191 0.00767342 8.15224e-09 1347.58
40000 10000 95.9179 191 0.00767342 8.15224e-09 103.31
40000 10000 5336.04 190 0.00856297 9.13074e-09 5342.89
40000 10000 160.235 190 0.00856297 9.13074e-09 167.292
40000 10000 92.3895 84 0.00228885 1.54957e-09 99.3363
40000 10000 92.0319 84 0.00228885 1.54957e-09 99.0922
40000 10000 183.473 80 0.00356554 3.31426e-09 190.429
40000 10000 97.0486 80 0.00356554 3.31426e-09 104.108
40000 10000 346.751 79 0.00379431 3.88116e-09 353.607
40000 10000 91.0112 79 0.00379431 3.88116e-09 98.0799
40000 10000 675.935 77 0.00676275 7.11768e-09 682.855
40000 10000 90.3835 77 0.00676275 7.11768e-09 97.4507
40000 10000 1346.69 77 0.00636474 6.74919e-09 1353.64
40000 10000 91.4798 77 0.00636474 6.74919e-09 98.526
40000 10000 5337.99 76 0.00851208 9.0723e-09 5344.94
40000 10000 158.28 76 0.00851208 9.0723e-09 165.34
80000 1000 0.484993 5861 0.0118527 1.04714e-09 1.87671
80000 1000 0.519862 5861 0.0118527 1.04714e-09 1.91882
80000 1000 0.66944 4078 0.0109182 9.83682e-10 2.07055
80000 1000 0.603884 4078 0.0109182 9.83682e-10 2.03381
80000 1000 1.17871 3610 0.0152473 1.61548e-09 2.60452
80000 1000 0.675647 3610 0.0152473 1.61548e-09 2.0759
80000 1000 2.24215 3430 0.0297918 3.30221e-09 3.60223
80000 1000 0.841802 3430 0.0297918 3.30221e-09 2.2216
80000 1000 4.40434 3348 0.0499893 5.63238e-09 5.78508
80000 1000 1.02446 3348 0.0499893 5.63238e-09 2.44406
80000 1000 17.2013 3287 0.0765505 8.69192e-09 18.583
80000 1000 2.36125 3287 0.0765505 8.69192e-09 3.7785
80000 1000 0.461896 2930 0.0118792 1.04917e-09 1.84178
80000 1000 0.482458 2930 0.0118792 1.04917e-09 1.89686
80000 1000 0.638775 2039 0.0111535 9.90993e-10 2.0376
80000 1000 0.459947 2039 0.0111535 9.90993e-10 1.86074
80000 1000 1.13928 1807 0.0151491 1.59794e-09 2.52099
80000 1000 0.495781 1807 0.0151491 1.59794e-09 1.89784
80000 1000 2.15225 1716 0.0298589 3.3129e-09 3.54455
80000 1000 0.565196 1716 0.0298589 3.3129e-09 1.96677
80000 1000 4.28878 1675 0.049357 5.5585e-09 5.68553
80000 1000 0.654122 1675 0.049357 5.5585e-09 2.05983
80000 1000 16.4803 1644 0.0758035 8.60578e-09 17.8614
80000 1000 1.37081 1644 0.0758035 8.60578e-09 2.7874
80000 1000 0.443578 293 0.0118792 1.04917e-09 1.82258
80000 1000 0.449708 293 0.0118792 1.04917e-09 1.86447
80000 1000 0.618048 206 0.0105246 9.80403e-10 2.01082
80000 1000 0.340426 206 0.0105246 9.80403e-10 1.7647
80000 1000 1.10419 182 0.0132238 1.36772e-09 2.48524
80000 1000 0.318897 182 0.0132238 1.36772e-09 1.73237
80000 1000 2.08024 172 0.0283533 3.13694e-09 3.46607
80000 1000 0.316497 172 0.0283533 3.13694e-09 1.72387
80000 1000 4.00394 168 0.0455163 5.11992e-09 5.39134
80000 1000 0.321109 168 0.0455163 5.11992e-09 1.74426
80000 1000 16.2749 165 0.0701451 7.96924e-09 17.6553
80000 1000 0.491554 165 0.0701451 7.96924e-09 1.88314
80000 1000 0.437246 58 0.0167614 1.46106e-09 1.80381
80000 1000 0.439457 58 0.0167614 1.46106e-09 1.84138
80000 1000 0.634879 42 0.0138303 1.28551e-09 2.01577
80000 1000 0.333437 42 0.0138303 1.28551e-09 1.73483
80000 1000 1.12193 37 0.0111056 1.12285e-09 2.51342
80000 1000 0.307187 37 0.0111056 1.12285e-09 1.71044
80000 1000 2.11686 35 0.0193451 2.09017e-09 3.5109
80000 1000 0.294339 35 0.0193451 2.09017e-09 1.71152
80000 1000 4.10025 34 0.0346006 3.89322e-09 5.48093
80000 1000 0.290088 34 0.0346006 3.89322e-09 1.70587
80000 1000 16.0177 33 0.0695275 7.89285e-09 17.4004
80000 1000 0.406339 33 0.0695275 7.89285e-09 1.822
80000 1000 0.436179 29 0.0167614 1.46106e-09 1.77578
80000 1000 0.437409 29 0.0167614 1.46106e-09 1.8486
80000 1000 0.659888 22 0.0105911 9.24361e-10 2.05906
80000 1000 0.357368 22 0.0105911 9.24361e-10 1.73877
80000 1000 1.13214 19 0.0103643 1.02482e-09 2.51657
80000 1000 0.311865 19 0.0103643 1.02482e-09 1.71331
80000 1000 2.15654 18 0.0110695 1.19454e-09 3.53628
80000 1000 0.299491 18 0.0110695 1.19454e-09 1.70335
80000 1000 4.08823 17 0.0357301 4.00327e-09 5.47047
80000 1000 0.283442 17 0.0357301 4.00327e-09 1.68325
80000 1000 16.2851 17 0.034593 3.93171e-09 17.6755
80000 1000 0.406047 17 0.034593 3.93171e-09 1.80914
80000 1000 0.419981 14 0.0444645 3.88194e-09 1.81825
80000 1000 0.424759 14 0.0444645 3.88194e-09 1.82691
80000 1000 0.720205 12 0.00449321 3.85692e-10 2.10165
80000 1000 0.381076 12 0.00449321 3.85692e-10 1.79091
80000 1000 1.19772 10 0.0105864 1.00749e-09 2.57913
80000 1000 0.327877 10 0.0105864 1.00749e-09 1.74925
80000 1000 2.4165 10 0.00126185 1.3112e-10 3.81282
80000 1000 0.328645 10 0.00126185 1.3112e-10 1.74243
80000 1000 4.34684 9 0.0095197 1.04754e-09 5.72736
80000 1000 0.298034 9 0.0095197 1.04754e-09 1.70672
80000 1000 17.3954 9 0.00871715 9.9175e-10 18.8095
80000 1000 0.423297 9 0.00871715 9.9175e-10 1.81925
80000 1000 0.417146 7 0.0444645 3.88194e-09 1.79774
80000 1000 0.420029 7 0.0444645 3.88194e-09 1.83074
80000 1000 0.838031 7 0.000491071 4.40445e-11 2.21903
80000 1000 0.44063 7 0.000491071 4.40445e-11 1.84247
80000 1000 1.44461 6 0.00101014 9.24798e-11 2.83004
80000 1000 0.392447 6 0.00101014 9.24798e-11 1.8115
80000 1000 2.41584 5 0.0109432 1.03712e-09 3.81104
80000 1000 0.329461 5 0.0109432 1.03712e-09 1.72959
80000 1000 4.81248 5 0.0016292 1.64109e-10 6.21234
80000 1000 0.330097 5 0.0016292 1.64109e-10 1.73642
80000 1000 19.1059 5 0.000571495 6.49228e-11 20.4865
80000 1000 0.479336 5 0.000571495 6.49228e-11 1.88304
80000 1000 0.447952 3 0.00586158 5.26392e-10 1.82848
80000 1000 0.449826 3 0.00586158 5.26392e-10 1.85054
80000 1000 0.908617 3 0.000827025 7.39698e-11 2.29372
80000 1000 0.484125 3 0.000827025 7.39698e-11 1.88948
80000 1000 1.80966 3 0.000114004 1.00105e-11 3.19403
80000 1000 0.486572 3 0.000114004 1.00105e-11 1.90218
80000 1000 3.59125 3 1.38808e-05 1.22311e-12 4.9881
80000 1000 0.493391 3 1.38808e-05 1.22311e-12 1.89651
80000 1000 7.18048 3 1.85166e-06 1.6236e-13 8.56092
80000 1000 0.494782 3 1.85166e-06 1.6236e-13 1.9113
80000 1000 28.9014 3 3.2991e-08 2.94042e-15 30.2868
80000 1000 0.693151 3 3.2991e-08 2.94042e-15 2.09647
80000 4000 7.38716 26979 0.0104556 1.02777e-09 12.9525
80000 4000 7.61232 26979 0.0104556 1.02777e-09 13.1839
80000 4000 11.5373 21261 0.0109872 1.44983e-09 17.0324
80000 4000 9.47478 21261 0.0109872 1.44983e-09 15.0556
80000 4000 21.735 20085 0.0197242 3.05304e-09 27.2934
80000 4000 10.4907 20085 0.0197242 3.05304e-09 16.1486
80000 4000 41.7907 19485 0.0321456 5.14867e-09 47.3675
80000 4000 12.7399 19485 0.0321456 5.14867e-09 18.3095
80000 4000 82.584 19209 0.0426075 6.86722e-09 88.1424
80000 4000 17.1862 19209 0.0426075 6.86722e-09 22.8474
80000 4000 328.859 18974 0.0560143 9.07195e-09 334.354
80000 4000 46.0698 18974 0.0560143 9.07195e-09 51.6536
80000 4000 6.89235 13490 0.0106905 1.0264e-09 12.4501
80000 4000 7.04329 13490 0.0106905 1.0264e-09 12.6867
80000 4000 10.9023 10628 0.0110403 1.45901e-09 16.4544
80000 4000 7.50653 10628 0.0110403 1.45901e-09 13.0843
80000 4000 20.3104 10047 0.0194738 3.00313e-09 25.8023
80000 4000 7.85113 10047 0.0194738 3.00313e-09 13.4276
80000 4000 39.6923 9747 0.0314397 5.03327e-09 45.2453
80000 4000 9.00449 9747 0.0314397 5.03327e-09 14.6446
80000 4000 78.0103 9607 0.0422652 6.8061e-09 83.5147
80000 4000 11.1527 9607 0.0422652 6.8061e-09 16.7335
80000 4000 306.699 9487 0.0559314 9.05898e-09 312.19
80000 4000 27.1766 9487 0.0559314 9.05898e-09 32.829
80000 4000 6.5106 1349 0.0106905 1.0264e-09 12.0825
80000 4000 6.56057 1349 0.0106905 1.0264e-09 12.0954
80000 4000 10.1968 1065 0.010426 1.36858e-09 15.687
80000 4000 5.41213 1065 0.010426 1.36858e-09 11.0684
80000 4000 19.4225 1007 0.0185727 2.87072e-09 24.9964
80000 4000 5.47136 1007 0.0185727 2.87072e-09 11.1298
80000 4000 37.5796 976 0.0311536 4.98666e-09 43.0716
80000 4000 5.42783 976 0.0311536 4.98666e-09 11.0821
80000 4000 73.6073 961 0.042111 6.78559e-09 79.1561
80000 4000 5.64079 961 0.042111 6.78559e-09 11.224
80000 4000 294.038 949 0.0556863 9.01913e-09 299.618
80000 4000 10.1923 949 0.0556863 9.01913e-09 15.8529
80000 4000 6.43843 270 0.010739 1.00659e-09 12.0069
80000 4000 6.46846 270 0.010739 1.00659e-09 12.0466
80000 4000 10.3011 214 0.00998349 1.2916e-09 15.7961
80000 4000 5.28455 214 0.00998349 1.2916e-09 10.8996
80000 4000 19.3939 202 0.0174912 2.68555e-09 24.9677
80000 4000 5.24767 202 0.0174912 2.68555e-09 10.9133
80000 4000 37.4703 196 0.0278566 4.44861e-09 43.0353
80000 4000 5.11374 196 0.0278566 4.44861e-09 10.7785
80000 4000 72.8912 192 0.0428463 6.89444e-09 78.3799
80000 4000 5.11978 192 0.0428463 6.89444e-09 10.7087
80000 4000 289.561 190 0.0542196 8.78139e-09 295.134
80000 4000 8.78942 190 0.0542196 8.78139e-09 14.4411
80000 4000 6.42813 135 0.010739 1.00659e-09 11.9621
80000 4000 6.4347 135 0.010739 1.00659e-09 12.0828
80000 4000 10.2987 108 0.00879757 1.11952e-09 15.8644
80000 4000 5.33282 108 0.00879757 1.11952e-09 11.0378
80000 4000 19.2142 101 0.0182315 2.78561e-09 24.7061
80000 4000 5.2744 101 0.0182315 2.78561e-09 10.927
80000 4000 37.4966 98 0.0287525 4.58588e-09 43.0688
80000 4000 5.08967 98 0.0287525 4.58588e-09 10.7524
80000 4000 73.3016 96 0.043278 6.95816e-09 78.8646
80000 4000 5.05246 96 0.043278 6.95816e-09 10.6044
80000 4000 291.665 95 0.0542663 8.78959e-09 297.231
80000 4000 8.49786 95 0.0542663 8.78959e-09 14.1653
80000 4000 6.50999 68 0.00893595 8.13747e-10 12.0052
80000 4000 6.54372 68 0.00893595 8.13747e-10 12.1943
80000 4000 10.3565 54 0.0109717 1.36637e-09 15.9253
80000 4000 5.41406 54 0.0109717 1.36637e-09 11.0646
80000 4000 19.5624 51 0.0146062 2.20309e-09 25.1237
80000 4000 5.25972 51 0.0146062 2.20309e-09 10.9148
80000 4000 37.2868 49 0.0289233 4.5926e-09 42.8451
80000 4000 5.05603 49 0.0289233 4.5926e-09 10.6716
80000 4000 74.755 49 0.0263116 4.22961e-09 80.1652
80000 4000 5.13049 49 0.0263116 4.22961e-09 10.7945
80000 4000 292.318 48 0.0415918 6.73443e-09 297.832
80000 4000 8.58918 48 0.0415918 6.73443e-09 14.1975
80000 4000 6.50034 34 0.00893595 8.13747e-10 12.0642
80000 4000 6.50488 34 0.00893595 8.13747e-10 12.1656
80000 4000 10.7675 28 0.00603245 7.29572e-10 16.3402
80000 4000 5.46888 28 0.00603245 7.29572e-10 11.128
80000 4000 19.7846 26 0.0100658 1.48302e-09 25.3467
80000 4000 5.38272 26 0.0100658 1.48302e-09 10.9586
80000 4000 38.1543 25 0.0181918 2.8608e-09 43.6631
80000 4000 5.17532 25 0.0181918 2.8608e-09 10.833
80000 4000 75.9185 25 0.0161752 2.5979e-09 81.4734
80000 4000 5.20225 25 0.0161751 2.5979e-09 10.7186
80000 4000 294.684 24 0.0418924 6.77927e-09 300.138
80000 4000 8.43038 24 0.0418924 6.77927e-09 14.0949
80000 4000 6.66318 14 0.00341814 3.38025e-10 12.2232
80000 4000 6.6813 14 0.00341814 3.38025e-10 12.3335
80000 4000 11.4606 12 0.00276648 2.7862e-10 17.0205
80000 4000 5.84627 12 0.00276648 2.7862e-10 11.4903
80000 4000 21.0873 11 0.00363161 4.83529e-10 26.6605
80000 4000 5.50073 11 0.00363161 4.83529e-10 11.1496
80000 4000 41.6223 11 0.00187614 2.90388e-10 47.1185
80000 4000 5.67693 11 0.00187614 2.90388e-10 11.2832
80000 4000 76.174 10 0.0186131 2.96574e-09 81.7454
80000 4000 5.19735 10 0.0186131 2.96574e-09 10.8527
80000 4000 306.826 10 0.0161603 2.62046e-09 312.369
80000 4000 8.75083 10 0.0161603 2.62046e-09 14.3865
80000 10000 59.1642 91843 0.00780039 1.13628e-09 73.0455
80000 10000 60.361 91843 0.00780039 1.13628e-09 74.2517
80000 10000 105.315 83478 0.0108034 2.50671e-09 119.176
80000 10000 86.791 83478 0.0108034 2.50671e-09 100.664
80000 10000 202.905 80882 0.0169644 4.35519e-09 216.564
80000 10000 96.4723 80882 0.0169644 4.35519e-09 110.535
80000 10000 400.164 79364 0.0229992 6.05255e-09 414.036
80000 10000 118.021 79364 0.0229992 6.05255e-09 132.066
80000 10000 790.609 78401 0.0289812 7.66428e-09 804.276
80000 10000 160.95 78401 0.0289812 7.66428e-09 174.938
80000 10000 3111.84 77702 0.0351218 9.30953e-09 3126.08
80000 10000 444.576 77702 0.0351218 9.30953e-09 458.578
80000 10000 55.1172 45921 0.00777283 1.13667e-09 68.9956
80000 10000 55.6307 45921 0.00777283 1.13667e-09 69.73
80000 10000 99.5537 41760 0.0104944 2.45137e-09 113.217
80000 10000 66.9616 41760 0.0104944 2.45137e-09 80.6256
80000 10000 192.236 40444 0.0166053 4.29914e-09 205.959
80000 10000 72.0049 40444 0.0166053 4.29914e-09 86.2745
80000 10000 373.984 39693 0.0228817 6.01486e-09 387.747
80000 10000 83.459 39693 0.0228817 6.01486e-09 97.5514
80000 10000 738.211 39217 0.0288793 7.63597e-09 752.077
80000 10000 103.876 39217 0.0288793 7.63597e-09 117.755
80000 10000 2952.22 38856 0.0350483 9.29065e-09 2965.89
80000 10000 261.967 38856 0.0350483 9.29065e-09 276.051
80000 10000 51.3897 4592 0.00811855 1.13781e-09 65.2698
80000 10000 51.3369 4592 0.00811855 1.13781e-09 65.2037
80000 10000 92.7367 4180 0.010233 2.39851e-09 106.606
80000 10000 49.0097 4180 0.010233 2.39851e-09 62.9013
80000 10000 179.563 4050 0.0161134 4.16692e-09 193.293
80000 10000 49.245 4050 0.0161134 4.16692e-09 63.3264
80000 10000 355.212 3973 0.0223379 5.87421e-09 368.896
80000 10000 49.7324 3973 0.0223379 5.87421e-09 63.8177
80000 10000 695.363 3924 0.0283791 7.50564e-09 709.025
80000 10000 52.0322 3924 0.0283791 7.50564e-09 65.938
80000 10000 2808.81 3886 0.0350288 9.28593e-09 2822.39
80000 10000 99.4361 3886 0.0350288 9.28593e-09 113.508
80000 10000 50.8163 919 0.00765551 1.1146e-09 64.6755
80000 10000 50.8835 919 0.00765551 1.1146e-09 64.9128
80000 10000 92.7143 836 0.0103112 2.41e-09 106.321
80000 10000 47.9523 836 0.0103112 2.41e-09 61.8245
80000 10000 179.493 810 0.016117 4.16283e-09 193.21
80000 10000 46.9275 810 0.016117 4.16283e-09 60.8053
80000 10000 352.887 795 0.0221172 5.81465e-09 366.767
80000 10000 47.7924 795 0.0221172 5.81465e-09 61.6834
80000 10000 696.294 785 0.0281809 7.44925e-09 709.955
80000 10000 49.4264 785 0.0281809 7.44925e-09 63.5417
80000 10000 3735.45 777 0.035278 9.35174e-09 3749.31
80000 10000 84.9021 777 0.035278 9.35174e-09 98.8888
80000 10000 50.913 459 0.00791737 1.15413e-09 64.7989
80000 10000 51.0073 459 0.00791737 1.15413e-09 65.112
80000 10000 92.6303 419 0.00978432 2.2789e-09 106.286
80000 10000 48.1705 419 0.00978432 2.2789e-09 62.0431
80000 10000 178.647 405 0.0161874 4.17314e-09 192.315
80000 10000 46.5029 405 0.0161874 4.17314e-09 60.5926
80000 10000 350.513 397 0.0227443 5.96921e-09 364.39
80000 10000 46.9911 397 0.0227443 5.96921e-09 60.9093
80000 10000 696.7 393 0.0272592 7.207e-09 710.58
80000 10000 46.7915 393 0.0272592 7.207e-09 60.6686
80000 10000 2922.67 389 0.0343 9.09279e-09 2936.5
80000 10000 83.073 389 0.0343 9.09279e-09 96.9771
80000 10000 50.767 230 0.00746104 1.08438e-09 65.0199
80000 10000 51.1188 230 0.00746104 1.08438e-09 65.3201
80000 10000 92.5402 210 0.00928043 2.13724e-09 106.206
80000 10000 47.3414 210 0.00928043 2.13724e-09 61.3879
80000 10000 179.492 203 0.015267 3.8979e-09 193.221
80000 10000 47.1308 203 0.015267 3.8979e-09 61.1699
80000 10000 352.515 199 0.0212057 5.56784e-09 366.319
80000 10000 46.8314 199 0.0212057 5.56784e-09 60.7093
80000 10000 689.976 196 0.028884 7.62866e-09 703.841
80000 10000 46.8509 196 0.028884 7.62866e-09 60.9382
80000 10000 2721.8 194 0.0363738 9.64033e-09 2735.78
80000 10000 81.9446 194 0.0363738 9.64033e-09 96.0343
80000 10000 50.9542 115 0.00746104 1.08438e-09 64.617
80000 10000 50.7233 115 0.00746104 1.08438e-09 64.8052
80000 10000 92.8514 105 0.0100287 2.25984e-09 106.724
80000 10000 47.3698 105 0.0100287 2.25984e-09 61.4484
80000 10000 179.786 102 0.0136102 3.46351e-09 193.616
80000 10000 46.8301 102 0.0136102 3.46351e-09 60.9093
80000 10000 354.05 100 0.018901 4.95459e-09 367.848
80000 10000 46.7496 100 0.018901 4.95459e-09 60.8247
80000 10000 690.71 98 0.029087 7.67807e-09 704.366
80000 10000 46.2278 98 0.029087 7.67807e-09 60.2896
80000 10000 2738.54 97 0.0363801 9.64145e-09 2752.41
80000 10000 82.2472 97 0.0363801 9.64145e-09 96.2762
80000 10000 50.8677 46 0.00746104 1.08438e-09 64.7339
80000 10000 50.8912 46 0.00746104 1.08438e-09 64.8756
80000 10000 92.4518 42 0.0116575 2.39917e-09 106.32
80000 10000 47.2347 42 0.0116575 2.39917e-09 61.1184
80000 10000 181.066 41 0.0125607 3.13371e-09 194.716
80000 10000 46.5443 41 0.0125607 3.13371e-09 60.548
80000 10000 354.155 40 0.0189126 4.92619e-09 367.812
80000 10000 46.2423 40 0.0189126 4.92619e-09 60.5414
80000 10000 708.878 40 0.0174271 4.58932e-09 722.563
80000 10000 47.334 40 0.0174271 4.58932e-09 61.4146
80000 10000 2747.68 39 0.0322302 8.53834e-09 2761.38
80000 10000 81.6502 39 0.0322302 8.53834e-09 95.6129
160000 1000 0.51034 5843 0.0252478 1.10431e-09 3.2633
160000 1000 0.549394 5843 0.0252478 1.10431e-09 3.33505
160000 1000 0.685544 3934 0.0239143 1.08361e-09 3.43682
160000 1000 0.582444 3934 0.0239143 1.08361e-09 3.37796
160000 1000 1.18553 3419 0.0293521 1.41286e-09 3.93926
160000 1000 0.63797 3419 0.0293521 1.41286e-09 3.43478
160000 1000 2.22158 3209 0.0549024 2.77244e-09 4.99366
160000 1000 0.801425 3209 0.0549024 2.77244e-09 3.57139
160000 1000 4.33486 3117 0.0930687 4.75487e-09 7.12323
160000 1000 0.968882 3117 0.0930687 4.75487e-09 3.7643
160000 1000 16.6616 3037 0.15864 8.12128e-09 19.4166
160000 1000 2.19177 3037 0.15864 8.12128e-09 5.02104
160000 1000 0.489245 2922 0.0262982 1.09827e-09 3.23918
160000 1000 0.509665 2922 0.0262982 1.09827e-09 3.34272
160000 1000 0.659601 1973 0.0242496 1.09505e-09 3.45402
160000 1000 0.459376 1973 0.0242496 1.09505e-09 3.25249
160000 1000 1.14929 1712 0.0292644 1.40961e-09 3.89953
160000 1000 0.469003 1712 0.0292644 1.40961e-09 3.29721
160000 1000 2.13913 1606 0.0544931 2.75189e-09 4.88991
160000 1000 0.542734 1606 0.0544931 2.75189e-09 3.33579
160000 1000 4.15372 1559 0.0927222 4.73448e-09 6.94135
160000 1000 0.630076 1559 0.0927222 4.73448e-09 3.4653
160000 1000 16.3572 1519 0.157364 8.05655e-09 19.1143
160000 1000 1.33356 1519 0.157364 8.05655e-09 4.17071
160000 1000 0.470632 292 0.0253482 1.11621e-09 3.22346
160000 1000 0.475849 292 0.0253482 1.11621e-09 3.26951
160000 1000 0.643287 200 0.0243978 1.04888e-09 3.43731
160000 1000 0.343139 200 0.0243978 1.04888e-09 3.13647
160000 1000 1.10971 173 0.0270643 1.29816e-09 3.87167
160000 1000 0.316215 173 0.0270643 1.29816e-09 3.10932
160000 1000 2.05703 161 0.0546652 2.74356e-09 4.84497
160000 1000 0.312915 161 0.0546652 2.74356e-09 3.10759
160000 1000 4.04141 156 0.0902749 4.59908e-09 6.86572
160000 1000 0.317143 156 0.0902749 4.59908e-09 3.10939
160000 1000 15.3499 152 0.155454 7.95931e-09 18.1404
160000 1000 0.478547 152 0.155454 7.95931e-09 3.31196
160000 1000 0.472293 59 0.0210917 8.76706e-10 3.24402
160000 1000 0.473654 59 0.0210917 8.76706e-10 3.32163
160000 1000 0.652833 41 0.0316064 1.33695e-09 3.41547
160000 1000 0.342193 41 0.0316064 1.33695e-09 3.1717
160000 1000 1.15403 36 0.0152983 7.09691e-10 3.90638
160000 1000 0.311877 36 0.0152983 7.09691e-10 3.1115
160000 1000 2.07293 33 0.037354 1.86455e-09 4.83903
160000 1000 0.298355 33 0.037354 1.86455e-09 3.05134
160000 1000 4.07446 32 0.0529298 2.69879e-09 6.84913
160000 1000 0.292773 32 0.0529298 2.69879e-09 3.12673
160000 1000 15.8094 31 0.0969959 4.96858e-09 18.5646
160000 1000 0.407964 31 0.0969959 4.96858e-09 3.20564
160000 1000 0.464313 29 0.0311766 1.36334e-09 3.22329
160000 1000 0.466848 29 0.0311766 1.36334e-09 3.29685
160000 1000 0.700951 22 0.0115974 5.16938e-10 3.45243
160000 1000 0.36616 22 0.0115974 5.16938e-10 3.18949
160000 1000 1.19458 19 0.00713643 3.31662e-10 3.9555
160000 1000 0.326169 19 0.00713643 3.31662e-10 3.1562
160000 1000 2.18887 17 0.022586 1.11293e-09 4.94292
160000 1000 0.301732 17 0.022586 1.11293e-09 3.05722
160000 1000 4.08374 16 0.0612642 3.1141e-09 6.8348
160000 1000 0.288936 16 0.0612642 3.1141e-09 3.11484
160000 1000 16.1031 16 0.0449671 2.30589e-09 18.8936
160000 1000 0.409772 16 0.0449671 2.30589e-09 3.20911
160000 1000 0.471319 15 0.0119972 5.029e-10 3.22291
160000 1000 0.485818 15 0.0119972 5.029e-10 3.30986
160000 1000 0.776604 12 0.00533121 2.2784e-10 3.53183
160000 1000 0.397431 12 0.00533121 2.2784e-10 3.17651
160000 1000 1.28691 10 0.00839815 3.78078e-10 4.08122
160000 1000 0.342888 10 0.00839815 3.78078e-10 3.17421
160000 1000 2.29548 9 0.0117011 5.60888e-10 5.08277
160000 1000 0.317646 9 0.0117011 5.60888e-10 3.14009
160000 1000 4.58324 9 0.00367733 1.83565e-10 7.33845
160000 1000 0.320517 9 0.00367733 1.83565e-10 3.11316
160000 1000 16.5188 8 0.0473433 2.4219e-09 19.3114
160000 1000 0.489741 8 0.0473433 2.4219e-09 3.3214
160000 1000 0.510951 8 0.00174272 7.57143e-11 3.25299
160000 1000 0.510581 8 0.00174272 7.57143e-11 3.34661
160000 1000 0.900562 7 0.00081319 3.37082e-11 3.69013
160000 1000 0.463269 7 0.00081319 3.37082e-11 3.25838
160000 1000 1.54206 6 0.00128253 5.7315e-11 4.3333
160000 1000 0.411522 6 0.00128253 5.7315e-11 3.22053
160000 1000 2.55344 5 0.0126162 5.70664e-10 5.42229
160000 1000 0.351129 5 0.0126162 5.70664e-10 3.18865
160000 1000 5.09734 5 0.00120556 5.58123e-11 7.87289
160000 1000 0.35626 5 0.00120556 5.58123e-11 3.20386
160000 1000 20.5934 5 0.000132633 6.76989e-12 23.3832
160000 1000 0.497506 5 0.000132633 6.76989e-12 3.29403
160000 1000 0.476499 3 0.0119972 5.029e-10 3.26493
160000 1000 0.479113 3 0.0119972 5.029e-10 3.24119
160000 1000 0.941599 3 0.00162779 6.79711e-11 3.7266
160000 1000 0.496242 3 0.00162779 6.79711e-11 3.28966
160000 1000 1.92222 3 0.000180395 7.61195e-12 4.71295
160000 1000 0.509887 3 0.000180395 7.61195e-12 3.30443
160000 1000 3.81925 3 2.06881e-05 8.99586e-13 6.59248
160000 1000 0.524206 3 2.06881e-05 8.99586e-13 3.27933
160000 1000 7.70761 3 2.69085e-06 1.15967e-13 10.4998
160000 1000 0.530976 3 2.69085e-06 1.15967e-13 3.36169
160000 1000 30.9387 3 4.31058e-08 1.84714e-15 33.7439
160000 1000 0.74174 3 4.31058e-08 1.84714e-15 3.5362
160000 4000 7.08268 25484 0.023454 1.05507e-09 18.0545
160000 4000 7.28398 25484 0.023454 1.05507e-09 18.4047
160000 4000 10.1176 18381 0.0206662 1.07362e-09 21.2455
160000 4000 8.25488 18381 0.0206662 1.07362e-09 19.4627
160000 4000 18.3354 16747 0.03498 2.14935e-09 29.344
160000 4000 8.6959 16747 0.03498 2.14935e-09 19.9032
160000 4000 35.0986 16148 0.0636971 4.07631e-09 46.0857
160000 4000 10.5126 16148 0.0636971 4.07631e-09 21.5555
160000 4000 69.2502 15826 0.0946024 6.14439e-09 80.2807
160000 4000 14.1151 15826 0.0946024 6.14439e-09 25.4017
160000 4000 270.528 15585 0.134121 8.74114e-09 281.588
160000 4000 37.8327 15585 0.134121 8.74114e-09 49.1399
160000 4000 6.63805 12742 0.023454 1.05507e-09 17.6534
160000 4000 6.77704 12742 0.023454 1.05507e-09 18.0793
160000 4000 9.44439 9197 0.0212612 1.08195e-09 20.5906
160000 4000 6.47733 9197 0.0212612 1.08195e-09 17.8212
160000 4000 17.2423 8384 0.0349121 2.12177e-09 28.2001
160000 4000 6.62308 8384 0.0349121 2.12177e-09 17.81
160000 4000 33.3836 8084 0.0632016 4.05178e-09 44.5106
160000 4000 7.39441 8084 0.0632016 4.05178e-09 18.4421
160000 4000 65.13 7919 0.0939727 6.10463e-09 76.1803
160000 4000 9.21735 7919 0.0939727 6.10463e-09 20.5095
160000 4000 257.476 7795 0.133887 8.72741e-09 268.578
160000 4000 22.2937 7795 0.133887 8.72741e-09 33.5645
160000 4000 6.18149 1274 0.0237657 1.06218e-09 17.0191
160000 4000 6.21449 1274 0.0237657 1.06218e-09 17.3346
160000 4000 9.0285 923 0.0200677 1.03488e-09 20.1347
160000 4000 4.74132 923 0.0200677 1.03488e-09 16.0329
160000 4000 16.3133 840 0.0339896 2.0844e-09 27.2782
160000 4000 4.4931 840 0.0339896 2.0844e-09 15.7658
160000 4000 31.5759 810 0.0613525 3.92739e-09 42.7065
160000 4000 4.49862 810 0.0613525 3.92739e-09 15.6333
160000 4000 61.7014 793 0.0914854 5.94446e-09 72.7603
160000 4000 4.65055 793 0.0914854 5.94446e-09 15.9324
160000 4000 244.099 780 0.131444 8.5703e-09 255.067
160000 4000 8.4307 780 0.131444 8.5703e-09 19.6727
160000 4000 6.15534 255 0.0238233 1.03768e-09 17.228
160000 4000 6.19488 255 0.0238233 1.03768e-09 17.3149
160000 4000 9.00857 186 0.019323 9.80179e-10 19.9729
160000 4000 4.61728 186 0.019323 9.80179e-10 16.2214
160000 4000 16.0878 169 0.0306255 1.87344e-09 27.2012
160000 4000 4.33554 169 0.0306255 1.87344e-09 15.4538
160000 4000 31.7257 163 0.052688 3.37797e-09 42.8567
160000 4000 4.33362 163 0.052688 3.37797e-09 15.4615
160000 4000 61.7954 159 0.0860965 5.59344e-09 72.7679
160000 4000 4.25211 159 0.0860965 5.59344e-09 15.5505
160000 4000 241.51 156 0.131115 8.54669e-09 252.607
160000 4000 7.31788 156 0.131115 8.54669e-09 18.6138
160000 4000 6.18752 128 0.020686 9.42605e-10 17.3051
160000 4000 6.21757 128 0.020686 9.42605e-10 17.3813
160000 4000 9.11652 94 0.0195887 8.90591e-10 20.1741
160000 4000 4.75055 94 0.0195887 8.90591e-10 16.0015
160000 4000 16.4228 85 0.0281467 1.71042e-09 28.6659
160000 4000 4.33575 85 0.0281467 1.71042e-09 15.4653
160000 4000 31.4577 81 0.0632417 4.04293e-09 42.5663
160000 4000 4.2431 81 0.0632417 4.04293e-09 15.3511
160000 4000 62.0796 80 0.0746152 4.84208e-09 73.1029
160000 4000 4.21136 80 0.0746152 4.84208e-09 15.4945
160000 4000 241.216 78 0.131784 8.59047e-09 252.324
160000 4000 7.04128 78 0.131784 8.59047e-09 18.3494
160000 4000 6.19865 64 0.020686 9.42605e-10 17.0805
160000 4000 6.23659 64 0.020686 9.42605e-10 17.5141
160000 4000 9.31103 48 0.0134705 6.74059e-10 20.4101
160000 4000 4.83636 48 0.0134705 6.74059e-10 16.1388
160000 4000 16.6551 43 0.0241749 1.44337e-09 27.6024
160000 4000 4.39934 43 0.0241749 1.44337e-09 15.4939
160000 4000 31.8086 41 0.0477367 3.03849e-09 42.9405
160000 4000 4.32775 41 0.0477367 3.03849e-09 15.5526
160000 4000 62.0868 40 0.0759738 4.92537e-09 73.0923
160000 4000 4.19222 40 0.0759738 4.92537e-09 15.4846
160000 4000 241.456 39 0.1323 8.61915e-09 252.413
160000 4000 6.96606 39 0.1323 8.61915e-09 18.0968
160000 4000 6.19069 32 0.020686 9.42605e-10 17.1498
160000 4000 6.21097 32 0.020686 9.42605e-10 17.4617
160000 4000 9.66871 25 0.00907141 4.4452e-10 20.8011
160000 4000 4.93646 25 0.00907141 4.4452e-10 16.2434
160000 4000 16.974 22 0.0177894 1.0315e-09 28.1012
160000 4000 4.42023 22 0.0177894 1.0315e-09 15.666
160000 4000 32.6946 21 0.0294557 1.82644e-09 43.6475
160000 4000 4.31026 21 0.0294557 1.82644e-09 15.6087
160000 4000 64.909 21 0.0229398 1.48545e-09 75.8682
160000 4000 4.38238 21 0.0229398 1.48545e-09 15.508
160000 4000 247.272 20 0.0709221 4.62452e-09 258.279
160000 4000 7.10085 20 0.0709221 4.62452e-09 18.4012
160000 4000 6.28116 13 0.0128923 5.9737e-10 17.4691
160000 4000 6.30344 13 0.0128923 5.9737e-10 17.4291
160000 4000 10.6178 11 0.00381339 1.82225e-10 21.5803
160000 4000 5.40161 11 0.00381339 1.82225e-10 16.3593
160000 4000 19.2913 10 0.00173852 9.07168e-11 30.2536
160000 4000 5.03567 10 0.00173852 9.07168e-11 16.2149
160000 4000 34.8684 9 0.006725 3.97568e-10 45.9948
160000 4000 4.63784 9 0.006725 3.97568e-10 15.8735
160000 4000 70.0405 9 0.00454243 2.90402e-10 81.0022
160000 4000 4.68934 9 0.00454243 2.90402e-10 15.8164
160000 4000 247.745 8 0.0745179 4.84458e-09 258.844
160000 4000 7.06869 8 0.0745179 4.84458e-09 18.2137
160000 10000 46.2051 71853 0.0212261 1.05101e-09 73.4984
160000 10000 47.3091 71853 0.0212261 1.05101e-09 74.938
160000 10000 74.789 58938 0.0207392 1.45869e-09 102.058
160000 10000 60.9286 58938 0.0207392 1.45869e-09 88.7026
160000 10000 141.575 56022 0.0350982 2.97208e-09 168.754
160000 10000 66.5115 56022 0.0350982 2.97208e-09 94.4956
160000 10000 277.003 54624 0.0543795 4.75133e-09 304.287
160000 10000 81.367 54624 0.0543795 4.75133e-09 108.776
160000 10000 546.85 53835 0.0741458 6.53802e-09 574.558
160000 10000 110.076 53835 0.0741458 6.53802e-09 137.494
160000 10000 2141.16 53079 0.100383 8.87272e-09 2168.78
160000 10000 304.003 53079 0.100383 8.87272e-09 331.708
160000 10000 43.0813 35926 0.0207116 1.05171e-09 70.347
160000 10000 43.7146 35926 0.0207116 1.05171e-09 71.6158
160000 10000 70.1129 29484 0.0202549 1.47704e-09 98.0006
160000 10000 46.9096 29484 0.0202549 1.47704e-09 75.06
160000 10000 132.991 28035 0.0349363 2.94857e-09 160.472
160000 10000 49.9999 28035 0.0349363 2.94857e-09 77.4234
160000 10000 260.77 27331 0.0540982 4.72155e-09 288.319
160000 10000 56.2807 27331 0.0540982 4.72155e-09 84.3969
160000 10000 514.244 26926 0.0736467 6.49358e-09 542.382
160000 10000 71.4088 26926 0.0736467 6.49358e-09 99.0978
160000 10000 2016.53 26547 0.100101 8.85079e-09 2044.29
160000 10000 178.598 26547 0.100101 8.85079e-09 206.707
160000 10000 40.3959 3593 0.0221578 1.04819e-09 67.8528
160000 10000 40.3491 3593 0.0221578 1.04819e-09 68.4477
160000 10000 66.32 2954 0.0200613 1.45983e-09 93.7575
160000 10000 34.8878 2954 0.0200613 1.45983e-09 62.9918
160000 10000 125.248 2809 0.0338627 2.86267e-09 152.717
160000 10000 33.7459 2809 0.0338627 2.86267e-09 61.6083
160000 10000 244.509 2736 0.0533429 4.60619e-09 271.481
160000 10000 34.5972 2736 0.0533429 4.60619e-09 61.8846
160000 10000 481.7 2695 0.0719828 6.34487e-09 509.382
160000 10000 36.1254 2695 0.0719828 6.34487e-09 63.9392
160000 10000 1898.19 2656 0.0994703 8.79639e-09 1925.51
160000 10000 68.0207 2656 0.0994703 8.79639e-09 95.7103
160000 10000 39.9398 719 0.0203578 1.02771e-09 67.798
160000 10000 40.0065 719 0.0203578 1.02771e-09 67.9778
160000 10000 65.6713 592 0.0203408 1.41878e-09 93.0238
160000 10000 33.7337 592 0.0203408 1.41878e-09 61.5759
160000 10000 124.978 562 0.0333662 2.81409e-09 152.354
160000 10000 32.702 562 0.0333662 2.81409e-09 60.6537
160000 10000 244.102 548 0.0516924 4.49192e-09 271.808
160000 10000 32.8675 548 0.0516924 4.49192e-09 60.8649
160000 10000 481.603 539 0.0721077 6.3552e-09 508.872
160000 10000 32.4819 539 0.0721077 6.3552e-09 60.4131
160000 10000 1890 531 0.100389 8.87628e-09 1917.24
160000 10000 57.9898 531 0.100389 8.87628e-09 85.7246
160000 10000 39.8882 359 0.0215347 1.07446e-09 67.1794
160000 10000 39.9782 359 0.0215347 1.07446e-09 67.6633
160000 10000 65.9213 297 0.0187049 1.35543e-09 93.6118
160000 10000 33.7993 297 0.0187049 1.35543e-09 61.5805
160000 10000 124.617 281 0.0343181 2.89309e-09 151.87
160000 10000 32.603 281 0.0343181 2.89309e-09 60.3152
160000 10000 243.838 274 0.0522988 4.54754e-09 271.303
160000 10000 32.6906 274 0.0522988 4.54754e-09 60.482
160000 10000 481.225 270 0.0692623 6.10434e-09 508.995
160000 10000 32.5731 270 0.0692623 6.10434e-09 60.2703
160000 10000 1890.61 266 0.0957004 8.46346e-09 1918.29
160000 10000 56.857 266 0.0957004 8.46346e-09 84.5647
160000 10000 40.1957 180 0.0197566 9.79687e-10 67.8895
160000 10000 40.2074 180 0.0197566 9.79687e-10 67.9089
160000 10000 66.4987 149 0.0184827 1.32427e-09 93.6239
160000 10000 33.6226 149 0.0184827 1.32427e-09 61.3963
160000 10000 125.202 141 0.032408 2.72325e-09 152.442
160000 10000 32.7637 141 0.032408 2.72325e-09 60.3044
160000 10000 243.332 137 0.0531421 4.62468e-09 270.485
160000 10000 31.9904 137 0.0531421 4.62468e-09 59.7908
160000 10000 480.06 135 0.0701676 6.18311e-09 507.334
160000 10000 31.8667 135 0.0701676 6.18311e-09 59.5429
160000 10000 1888.71 133 0.0956073 8.45536e-09 1915.81
160000 10000 56.5193 133 0.0956073 8.45536e-09 84.2303
160000 10000 40.1815 90 0.0197566 9.79687e-10 67.8819
160000 10000 40.1241 90 0.0197566 9.79687e-10 68.1939
160000 10000 66.6942 75 0.0184771 1.29658e-09 94.081
160000 10000 33.8571 75 0.0184771 1.29658e-09 61.7824
160000 10000 125.262 71 0.0281615 2.34201e-09 152.957
160000 10000 32.4671 71 0.0281615 2.34201e-09 60.9349
160000 10000 245.285 69 0.0449579 3.91019e-09 273.518
160000 10000 32.5269 69 0.0449579 3.91019e-09 60.2904
160000 10000 484.855 68 0.0592534 5.22322e-09 512.07
160000 10000 32.1026 68 0.0592534 5.22322e-09 60.1916
160000 10000 1908.55 67 0.0802602 7.10375e-09 1935.93
160000 10000 56.3194 67 0.0802602 7.10375e-09 84.1937
160000 10000 40.1387 36 0.0197566 9.79687e-10 67.7885
160000 10000 40.1965 36 0.0197566 9.79687e-10 67.9589
160000 10000 66.2792 30 0.0272016 1.80684e-09 93.3514
160000 10000 34.2285 30 0.0272016 1.80684e-09 62.042
160000 10000 129.352 29 0.018983 1.51596e-09 157.064
160000 10000 33.0134 29 0.018983 1.51596e-09 60.7672
160000 10000 248.362 28 0.0333563 2.87228e-09 275.562
160000 10000 32.7238 28 0.0333563 2.87228e-09 60.4508
160000 10000 497.771 28 0.0294725 2.59017e-09 525.036
160000 10000 32.8336 28 0.0294725 2.59017e-09 60.4303
160000 10000 1929.28 27 0.0675002 5.97354e-09 1957.01
160000 10000 56.5622 27 0.0675002 5.97354e-09 84.2721
