4000 1000 0.967571 15309 0.00042509 3.60055e-09 1.03967
4000 1000 1.83936 14667 0.000510953 5.14306e-09 1.91217
4000 1000 3.56485 14375 0.000729442 7.79124e-09 3.63736
4000 1000 6.9814 14230 0.000789548 8.48835e-09 7.05613
4000 1000 8.71204 14186 0.0007848 8.37855e-09 8.78639
4000 1000 10.5114 14249 0.000806088 8.67325e-09 10.5856
4000 1000 0.912193 7654 0.000424907 3.60432e-09 0.9858
4000 1000 1.7187 7332 0.000517191 5.16231e-09 1.79059
4000 1000 3.36708 7202 0.000730673 7.79039e-09 3.441
4000 1000 6.65048 7160 0.00078626 8.45865e-09 6.72449
4000 1000 8.22734 7136 0.000786135 8.38014e-09 8.3015
4000 1000 9.93448 7185 0.00079862 8.58177e-09 10.0073
4000 1000 0.852461 766 0.000415928 3.54068e-09 0.926072
4000 1000 1.64346 744 0.000509013 5.11794e-09 1.7168
4000 1000 3.27706 748 0.000734955 7.83031e-09 3.35127
4000 1000 6.73402 774 0.000798415 8.51138e-09 6.80832
4000 1000 8.57177 792 0.000793376 8.39301e-09 8.64578
4000 1000 10.5943 817 0.000788403 8.34357e-09 10.6687
4000 1000 0.847042 153 0.000435046 3.65095e-09 0.918875
4000 1000 1.7362 158 0.000489215 4.81765e-09 1.81017
4000 1000 3.75497 173 0.000817257 8.39991e-09 3.83035
4000 1000 9.06379 211 0.00082514 8.07362e-09 9.13834
4000 1000 12.3394 231 0.000866633 8.35272e-09 12.4128
4000 1000 16.2144 254 0.000907455 8.57493e-09 16.2887
4000 1000 0.857267 77 0.000368909 3.09602e-09 0.931831
4000 1000 1.85344 84 0.00054313 5.25662e-09 1.92796
4000 1000 4.41384 102 0.000776475 7.36463e-09 4.48862
4000 1000 12.1051 141 0.00099771 8.6264e-09 12.1807
4000 1000 17.1866 161 0.00102344 8.7992e-09 17.262
4000 1000 23.3972 184 0.00100798 8.46749e-09 23.4707
4000 1000 0.840719 38 0.00049957 4.21906e-09 0.913486
4000 1000 2.06463 47 0.000467183 4.03878e-09 2.13883
4000 1000 5.59429 65 0.000987805 8.0115e-09 5.66499
4000 1000 17.6686 104 0.0012617 9.29625e-09 17.7398
4000 1000 26.4182 125 0.00118234 8.84767e-09 26.4918
4000 1000 36.8213 146 0.00125536 9.31592e-09 36.8974
4000 1000 0.838284 19 0.00049957 4.21906e-09 0.911017
4000 1000 2.35231 27 0.000871659 6.58763e-09 2.42517
4000 1000 7.7179 45 0.00147986 9.78217e-09 7.79208
4000 1000 28.5144 84 0.00140013 8.83746e-09 28.5874
4000 1000 43.8103 104 0.00151713 1.00896e-08 43.8853
4000 1000 62.9194 125 0.00132939 8.87792e-09 62.9893
4000 1000 0.886425 8 0.00014683 1.26814e-09 0.960353
4000 1000 3.03746 14 0.00120319 6.74876e-09 3.11141
4000 1000 13.2643 31 0.00168686 8.96907e-09 13.338
4000 1000 58.0624 69 0.00188944 1.04443e-08 58.134
4000 1000 93.142 89 0.00162896 9.77455e-09 93.2164
4000 1000 136.315 109 0.00151607 9.18443e-09 136.39
20000 1000 0.481399 6378 0.00330423 1.24487e-09 0.820711
20000 1000 0.759671 5049 0.00249948 1.31001e-09 1.10213
20000 1000 1.40073 4728 0.00426758 2.59744e-09 1.74386
20000 1000 2.69179 4617 0.00751323 4.78851e-09 3.04465
20000 1000 3.3561 4578 0.00827729 5.27716e-09 3.69894
20000 1000 4.01126 4552 0.00864682 5.49443e-09 4.35217
20000 1000 0.452962 3189 0.00330423 1.24487e-09 0.798376
20000 1000 0.713527 2528 0.00241298 1.24239e-09 1.05059
20000 1000 1.33809 2366 0.00429848 2.58603e-09 1.68155
20000 1000 2.58331 2312 0.00734537 4.66595e-09 2.92814
20000 1000 3.26275 2296 0.00821967 5.23946e-09 3.60526
20000 1000 3.88149 2282 0.00859244 5.46425e-09 4.2231
20000 1000 0.433886 319 0.00326132 1.23629e-09 0.776224
20000 1000 0.687305 255 0.00240115 1.241e-09 1.02937
20000 1000 1.274 240 0.00424526 2.58141e-09 1.61026
20000 1000 2.49623 237 0.00728366 4.62579e-09 2.84172
20000 1000 3.11324 237 0.00849846 5.40352e-09 3.45397
20000 1000 3.71572 236 0.00884163 5.60329e-09 4.05411
20000 1000 0.427486 64 0.00290876 1.14114e-09 0.767836
20000 1000 0.699712 52 0.00292541 1.47481e-09 1.04213
20000 1000 1.34353 50 0.0050144 3.03204e-09 1.69389
20000 1000 2.7313 52 0.00815181 5.12898e-09 3.0774
20000 1000 3.42439 53 0.0110994 6.9611e-09 3.76899
20000 1000 4.23873 55 0.00839731 5.27789e-09 4.58019
20000 1000 0.426396 32 0.00290876 1.14114e-09 0.767159
20000 1000 0.730429 27 0.0022895 1.08663e-09 1.06911
20000 1000 1.4184 27 0.0028615 1.69727e-09 1.75568
20000 1000 3.01132 29 0.00776612 4.78865e-09 3.3558
20000 1000 4.0204 31 0.00648946 3.96424e-09 4.35867
20000 1000 4.90779 32 0.00955548 5.83745e-09 5.24665
20000 1000 0.430132 16 0.00290876 1.14114e-09 0.772715
20000 1000 0.75353 14 0.00295453 1.38031e-09 1.0965
20000 1000 1.57211 15 0.00230142 1.32598e-09 1.91727
20000 1000 3.65118 18 0.00286435 1.6922e-09 3.98775
20000 1000 4.69341 19 0.00773096 4.44765e-09 5.03209
20000 1000 6.14294 21 0.00430868 2.48254e-09 6.48535
20000 1000 0.433426 8 0.00290876 1.14114e-09 0.779094
20000 1000 0.852479 8 0.000622121 2.77941e-10 1.19412
20000 1000 1.86391 9 0.000574519 3.00067e-10 2.20578
20000 1000 4.25401 11 0.00708659 3.81821e-09 4.61218
20000 1000 6.15389 13 0.00348495 1.85292e-09 6.49458
20000 1000 7.72311 14 0.00761157 4.03855e-09 8.06528
20000 1000 0.535631 4 2.73501e-06 1.06901e-12 0.873487
20000 1000 1.03123 4 1.6539e-05 7.01794e-12 1.37196
20000 1000 2.4281 5 2.47946e-05 1.16956e-11 2.77271
20000 1000 6.40404 7 0.000882002 4.2617e-10 6.74868
20000 1000 8.99316 8 0.00345515 1.63671e-09 9.33553
20000 1000 11.9811 9 0.00899809 4.32972e-09 12.3227
20000 4000 13.8069 50618 0.00176946 1.90931e-09 15.1994
20000 4000 25.7213 47686 0.00210304 3.06306e-09 27.0862
20000 4000 50.0151 46449 0.00327892 5.24676e-09 51.3882
20000 4000 96.8266 45609 0.00428418 6.9581e-09 98.201
20000 4000 121.806 45640 0.00462043 7.51897e-09 123.152
20000 4000 145.726 45558 0.00482284 7.87451e-09 147.109
20000 4000 12.8988 25309 0.00176946 1.90931e-09 14.2787
20000 4000 24.4041 23857 0.00211924 3.03288e-09 25.7665
20000 4000 47.2469 23257 0.00327433 5.22981e-09 48.6301
20000 4000 91.031 22822 0.00427907 6.92424e-09 92.4124
20000 4000 115.406 22854 0.00462748 7.5253e-09 116.783
20000 4000 136.673 22836 0.00480005 7.84315e-09 138.035
20000 4000 12.0426 2531 0.00180059 1.90776e-09 13.426
20000 4000 22.6478 2395 0.0020526 3.00288e-09 24.0189
20000 4000 44.669 2344 0.0032649 5.1641e-09 46.0489
20000 4000 87.7485 2327 0.00419744 6.80797e-09 89.1102
20000 4000 110.056 2341 0.00458861 7.45286e-09 111.428
20000 4000 131.792 2352 0.00478724 7.8249e-09 133.159
20000 4000 11.858 506 0.00177323 1.92404e-09 13.2294
20000 4000 22.9393 485 0.00203046 2.99409e-09 24.3187
20000 4000 45.5339 486 0.00311232 4.94043e-09 46.9197
20000 4000 92.4841 503 0.00431572 6.96581e-09 93.8534
20000 4000 118.892 516 0.00484429 7.8053e-09 120.265
20000 4000 144.661 531 0.00488213 7.90187e-09 146.034
20000 4000 11.9575 253 0.00177323 1.92404e-09 13.344
20000 4000 22.9771 246 0.00221305 3.25789e-09 24.3477
20000 4000 47.3344 254 0.00299393 4.72092e-09 48.7039
20000 4000 99.2538 276 0.00460213 7.34334e-09 100.642
20000 4000 130.296 289 0.00523978 8.31778e-09 131.664
20000 4000 163.722 305 0.00511646 8.12357e-09 165.095
20000 4000 11.963 127 0.00161291 1.7388e-09 13.339
20000 4000 24.0141 127 0.00209266 3.06485e-09 25.3858
20000 4000 50.6704 137 0.00337992 5.25711e-09 52.0419
20000 4000 115.427 163 0.00506712 7.76491e-09 116.805
20000 4000 155.637 177 0.00562758 8.4952e-09 157.016
20000 4000 200.29 192 0.00602705 9.02323e-09 201.663
20000 4000 11.8528 63 0.0022317 2.11998e-09 13.2251
20000 4000 25.1269 67 0.00230367 3.27514e-09 26.5167
20000 4000 57.0791 79 0.00371389 5.47352e-09 58.4671
20000 4000 149.004 107 0.00533273 7.44133e-09 150.39
20000 4000 208.538 121 0.00619892 8.44481e-09 209.891
20000 4000 277.902 136 0.00667294 8.97363e-09 279.274
20000 4000 12.2821 26 0.000894853 9.66563e-10 13.6695
20000 4000 28.7232 31 0.00180354 2.36389e-09 30.091
20000 4000 76.9502 43 0.00579165 7.14498e-09 78.3331
20000 4000 244.706 71 0.00751887 8.85877e-09 246.075
20000 4000 361.818 85 0.00752069 8.75076e-09 363.209
20000 4000 502.655 100 0.00754858 8.69793e-09 504.036
40000 1000 0.477103 6052 0.00639643 1.08514e-09 1.15702
40000 1000 0.68651 4382 0.00575948 1.22139e-09 1.36727
40000 1000 1.25652 4000 0.0101667 2.4991e-09 1.94655
40000 1000 2.38767 3824 0.0179754 4.58967e-09 3.07071
40000 1000 2.99859 3805 0.0198501 5.12051e-09 3.67887
40000 1000 3.52567 3792 0.0236075 6.10923e-09 4.21526
40000 1000 0.458456 3026 0.00639643 1.08514e-09 1.13892
40000 1000 0.67216 2196 0.00581304 1.19705e-09 1.35521
40000 1000 1.19819 2000 0.0103194 2.53583e-09 1.87959
40000 1000 2.2796 1915 0.0173827 4.44025e-09 2.95826
40000 1000 2.85651 1904 0.0195909 5.05684e-09 3.53897
40000 1000 3.36292 1899 0.0231345 5.98493e-09 4.04701
40000 1000 0.445552 303 0.00573499 1.04391e-09 1.13682
40000 1000 0.633399 222 0.00524211 1.11711e-09 1.31638
40000 1000 1.14745 202 0.00964274 2.37377e-09 1.82285
40000 1000 2.1898 195 0.0156242 3.96604e-09 2.87213
40000 1000 2.77361 194 0.0189407 4.88438e-09 3.45445
40000 1000 3.33064 194 0.0221478 5.72348e-09 4.01856
40000 1000 0.447579 61 0.00532328 9.17107e-10 1.13404
40000 1000 0.660295 46 0.004359 9.08016e-10 1.34101
40000 1000 1.22741 42 0.00785171 1.92496e-09 1.92107
40000 1000 2.29755 41 0.0169894 4.31432e-09 2.97768
40000 1000 2.87917 42 0.0139059 3.56818e-09 3.56871
40000 1000 3.48761 42 0.0238667 6.14917e-09 4.169
40000 1000 0.429091 30 0.00773209 1.35479e-09 1.1071
40000 1000 0.687313 24 0.00308024 6.17406e-10 1.37028
40000 1000 1.25723 22 0.00612673 1.48124e-09 1.94194
40000 1000 2.43888 22 0.0129157 3.23587e-09 3.12805
40000 1000 3.15718 23 0.0105719 2.69176e-09 3.84108
40000 1000 3.78474 23 0.0228895 5.83345e-09 4.45556
40000 1000 0.427457 15 0.00773209 1.35479e-09 1.10896
40000 1000 0.739746 13 0.00136063 2.61846e-10 1.4229
40000 1000 1.36203 12 0.0029427 6.81145e-10 2.04219
40000 1000 2.79414 13 0.00266831 6.47255e-10 3.46981
40000 1000 3.43051 13 0.0129967 3.20867e-09 4.11252
40000 1000 4.3594 14 0.00711564 1.75788e-09 5.03851
40000 1000 0.457402 8 0.00121075 2.1538e-10 1.13597
40000 1000 0.78404 7 0.0015056 2.74462e-10 1.4599
40000 1000 1.54711 7 0.000830139 1.73007e-10 2.22632
40000 1000 3.2702 8 0.000670862 1.55081e-10 3.95737
40000 1000 4.00649 8 0.00747486 1.76547e-09 4.68884
40000 1000 5.28578 9 0.00230796 5.42005e-10 5.95768
40000 1000 0.439571 3 0.00773209 1.35479e-09 1.11913
40000 1000 0.842381 3 0.00351719 6.49229e-10 1.52112
40000 1000 2.08643 4 1.87242e-06 3.60769e-13 2.77138
40000 1000 3.87188 4 0.00147016 3.15594e-10 4.55158
40000 1000 5.90962 5 9.43089e-05 2.05055e-11 6.58641
40000 1000 7.00595 5 0.00240986 5.24573e-10 7.67784
40000 4000 8.77788 31793 0.00447121 1.10202e-09 11.5401
40000 4000 15.4495 28358 0.00611985 2.45713e-09 18.2021
40000 4000 29.7959 27342 0.0106717 4.77573e-09 32.5552
40000 4000 57.7523 26739 0.0145197 6.60887e-09 60.5275
40000 4000 71.8115 26679 0.0158084 7.23487e-09 74.5671
40000 4000 85.5303 26635 0.0165379 7.59158e-09 88.299
40000 4000 8.2099 15897 0.00447054 1.10058e-09 10.9528
40000 4000 14.6267 14187 0.00597877 2.4382e-09 17.409
40000 4000 27.988 13684 0.0106013 4.74503e-09 30.7653
40000 4000 54.1931 13377 0.0144635 6.58143e-09 56.9428
40000 4000 68.016 13357 0.0157077 7.18962e-09 70.7896
40000 4000 81.2491 13331 0.0164462 7.55187e-09 84.0017
40000 4000 7.76655 1590 0.00468941 1.09045e-09 10.5056
40000 4000 13.7596 1422 0.00586542 2.36649e-09 16.5387
40000 4000 26.6304 1377 0.0104502 4.68205e-09 29.3821
40000 4000 52.0831 1355 0.0142671 6.50043e-09 54.8507
40000 4000 65.2071 1354 0.0156687 7.17011e-09 67.9712
40000 4000 77.7725 1355 0.0165144 7.57777e-09 80.5431
40000 4000 7.70914 318 0.00468941 1.09045e-09 10.4825
40000 4000 13.8326 287 0.00544053 2.18606e-09 16.5913
40000 4000 26.9604 281 0.0102213 4.56893e-09 29.6873
40000 4000 53.4326 284 0.0143278 6.52793e-09 56.199
40000 4000 68.0293 287 0.0162168 7.40629e-09 70.7839
40000 4000 81.4977 291 0.0163335 7.4641e-09 84.2516
40000 4000 7.68401 159 0.00468941 1.09045e-09 10.4654
40000 4000 13.9691 145 0.00534267 2.13998e-09 16.7238
40000 4000 27.3159 144 0.0101942 4.54484e-09 30.0899
40000 4000 56.0361 150 0.0143935 6.52158e-09 58.8109
40000 4000 71.4367 154 0.0162816 7.38486e-09 74.2087
40000 4000 86.618 158 0.0169025 7.6606e-09 89.3943
40000 4000 7.63191 79 0.00538393 1.31239e-09 10.3985
40000 4000 14.1662 74 0.00499065 1.96692e-09 16.9421
40000 4000 28.7057 76 0.00847336 3.74582e-09 31.4437
40000 4000 60.5636 83 0.0148826 6.63613e-09 63.3052
40000 4000 79.4392 87 0.0190579 8.4492e-09 82.1896
40000 4000 100.004 92 0.0169721 7.49233e-09 102.739
40000 4000 7.68475 40 0.00395977 9.44332e-10 10.4405
40000 4000 14.5474 38 0.00574456 2.19027e-09 17.32
40000 4000 30.7616 41 0.0110833 4.76421e-09 33.5031
40000 4000 72.6539 50 0.0124066 5.29093e-09 75.3878
40000 4000 96.4913 54 0.0187845 7.89006e-09 99.2236
40000 4000 126.083 59 0.0166724 6.94448e-09 128.852
40000 4000 7.66739 16 0.00395977 9.44332e-10 10.4017
40000 4000 16.0316 17 0.00286738 1.01734e-09 18.7652
40000 4000 38.9012 21 0.00376426 1.47776e-09 41.6638
40000 4000 104.434 29 0.012166 4.58051e-09 107.206
40000 4000 146.262 33 0.0214261 8.00964e-09 149.03
40000 4000 199.994 38 0.0161367 6.01686e-09 202.763
40000 10000 108.929 167284 0.00263828 1.71339e-09 115.783
40000 10000 203.925 159232 0.00444372 4.17957e-09 210.784
40000 10000 397.402 155721 0.00513274 5.3417e-09 404.221
40000 10000 779.717 153500 0.00689165 7.27134e-09 786.656
40000 10000 977.793 153841 0.00744779 7.93583e-09 984.728
40000 10000 1175.02 153356 0.00761017 8.0882e-09 1182.09
40000 10000 101.21 83642 0.00263828 1.71339e-09 108.133
40000 10000 192.179 79684 0.0041965 4.17583e-09 199.058
40000 10000 373.397 77900 0.00512286 5.31677e-09 380.311
40000 10000 731.414 76788 0.006853 7.22371e-09 738.264
40000 10000 922.708 76968 0.00747387 7.95542e-09 929.583
40000 10000 1095.04 76750 0.0075737 8.05366e-09 1101.96
40000 10000 94.5363 8364 0.00262411 1.71447e-09 101.357
40000 10000 180.663 7984 0.00414468 4.09919e-09 187.608
40000 10000 352.383 7820 0.00502029 5.20748e-09 359.207
40000 10000 699.455 7750 0.00681533 7.13373e-09 706.447
40000 10000 877.752 7786 0.00734515 7.81353e-09 884.567
40000 10000 1055.15 7784 0.00750492 7.97079e-09 1062.03
40000 10000 94.2542 1673 0.00249395 1.70941e-09 101.057
40000 10000 180.591 1606 0.00413855 4.11418e-09 187.389
40000 10000 357.125 1590 0.00500026 5.19136e-09 363.927
40000 10000 712.5 1607 0.00686966 7.23777e-09 719.31
40000 10000 904.183 1633 0.00745223 7.91372e-09 911.095
40000 10000 1092.6 1651 0.00755109 7.99575e-09 1099.51
40000 10000 94.2025 836 0.00255109 1.73596e-09 101.237
40000 10000 181.616 809 0.00411418 4.07949e-09 188.446
40000 10000 362.335 811 0.00512217 5.30648e-09 369.233
40000 10000 745.138 841 0.00695141 7.29722e-09 752.264
40000 10000 953.782 865 0.00759111 8.02336e-09 960.595
40000 10000 1159.1 885 0.00777211 8.18012e-09 1166.07
40000 10000 93.6233 418 0.00255109 1.73596e-09 100.426
40000 10000 182.16 410 0.0040419 3.94556e-09 189.028
40000 10000 371.936 422 0.00511122 5.28196e-09 378.739
40000 10000 800.569 459 0.00722488 7.4953e-09 807.457
40000 10000 1042.57 482 0.00794293 8.231e-09 1049.38
40000 10000 1309.56 505 0.00791143 8.13411e-09 1316.43
40000 10000 92.8992 209 0.00255109 1.73596e-09 99.766
40000 10000 186.279 211 0.00381255 3.73946e-09 193.323
40000 10000 400.596 228 0.00535674 5.44874e-09 407.388
40000 10000 936.02 269 0.00787254 7.83328e-09 942.921
40000 10000 1261.58 293 0.00836036 8.20215e-09 1268.59
40000 10000 1631.78 316 0.00915258 8.81894e-09 1638.67
40000 10000 93.507 84 0.00228885 1.54957e-09 100.393
40000 10000 200.297 91 0.00397952 3.76533e-09 207.134
40000 10000 478.659 111 0.00678522 6.313e-09 485.437
40000 10000 1336.22 156 0.00922934 7.98824e-09 1343.04
40000 10000 1929.12 179 0.011177 9.41092e-09 1936.02
40000 10000 2584.2 203 0.0115189 9.5089e-09 2590.98
80000 1000 0.488124 5861 0.0118527 1.04714e-09 1.82734
80000 1000 0.671386 4069 0.0119471 1.10556e-09 2.02591
80000 1000 1.1771 3626 0.015849 1.66579e-09 2.53626
80000 1000 2.22744 3439 0.0349041 3.9283e-09 3.58251
80000 1000 2.75538 3408 0.0404546 4.53916e-09 4.12002
80000 1000 3.26389 3373 0.0447966 5.04158e-09 4.63198
80000 1000 0.460563 2930 0.0118792 1.04917e-09 1.86209
80000 1000 0.643972 2037 0.0118105 1.08123e-09 1.97588
80000 1000 1.12194 1813 0.015889 1.66733e-09 2.51053
80000 1000 2.12876 1721 0.0347494 3.89213e-09 3.48993
80000 1000 2.63156 1705 0.040236 4.5066e-09 4.00371
80000 1000 3.16173 1688 0.0446447 5.02536e-09 4.52578
80000 1000 0.441307 293 0.0118792 1.04917e-09 1.79981
80000 1000 0.631697 206 0.0108419 1.00423e-09 2.02836
80000 1000 1.08734 183 0.01383 1.44418e-09 2.43149
80000 1000 2.04612 174 0.0324456 3.6472e-09 3.40041
80000 1000 2.55278 172 0.0402522 4.5155e-09 3.91411
80000 1000 3.04707 171 0.0405962 4.5694e-09 4.38004
80000 1000 0.438872 58 0.0167614 1.46106e-09 1.81419
80000 1000 0.649199 43 0.00779653 7.09344e-10 2.00381
80000 1000 1.13736 38 0.0111182 1.15112e-09 2.49359
80000 1000 2.12542 36 0.028637 3.18623e-09 3.48063
80000 1000 2.63118 36 0.0312486 3.48076e-09 3.98762
80000 1000 3.1557 36 0.0323842 3.6286e-09 4.51688
80000 1000 0.43886 29 0.0167614 1.46106e-09 1.80413
80000 1000 0.653685 22 0.0115877 9.86306e-10 2.00752
80000 1000 1.20378 20 0.00626645 6.26899e-10 2.57948
80000 1000 2.21367 19 0.019116 2.11266e-09 3.57004
80000 1000 2.75662 19 0.0238783 2.62931e-09 4.10499
80000 1000 3.28362 19 0.0296951 3.29078e-09 4.65585
80000 1000 0.419757 14 0.0444645 3.88194e-09 1.78621
80000 1000 0.719836 12 0.00668184 6.17681e-10 2.07497
80000 1000 1.30651 11 0.00258492 2.47167e-10 2.67335
80000 1000 2.49954 11 0.00223745 2.41414e-10 3.85267
80000 1000 3.04472 11 0.00420975 4.59022e-10 4.37759
80000 1000 3.61162 11 0.00784741 8.56384e-10 4.97776
80000 1000 0.424742 7 0.0444645 3.88194e-09 1.78542
80000 1000 0.82695 7 0.000777221 6.92335e-11 2.17854
80000 1000 1.38449 6 0.00505194 4.56231e-10 2.75047
80000 1000 2.57847 6 0.00545376 5.51405e-10 3.92992
80000 1000 3.1684 6 0.012922 1.33584e-09 4.5324
80000 1000 4.34361 7 0.000468027 4.90789e-11 5.70963
80000 1000 0.447644 3 0.00586158 5.26392e-10 1.80008
80000 1000 0.890529 3 0.0017052 1.53362e-10 2.26129
80000 1000 1.6481 3 0.00085782 7.64285e-11 3.01208
80000 1000 3.07626 3 0.0033277 2.96075e-10 4.43945
80000 1000 3.77598 3 0.0104699 1.00687e-09 5.13048
80000 1000 5.91503 4 8.30206e-06 8.12033e-13 7.28834
80000 4000 7.41688 26979 0.0104556 1.02777e-09 12.901
80000 4000 11.5313 21292 0.0103388 1.37423e-09 16.9954
80000 4000 21.6998 20058 0.0206912 3.22192e-09 27.2155
80000 4000 41.4727 19504 0.0320102 5.10964e-09 46.9436
80000 4000 51.9534 19414 0.0365509 5.87736e-09 57.4717
80000 4000 61.9034 19284 0.0385991 6.21539e-09 67.4001
80000 4000 6.93304 13490 0.0106905 1.0264e-09 12.361
80000 4000 10.8937 10657 0.0105419 1.36146e-09 16.4075
80000 4000 20.2697 10037 0.0208403 3.24584e-09 25.7121
80000 4000 39.2509 9761 0.0317015 5.06362e-09 44.6779
80000 4000 48.8462 9713 0.0363056 5.83451e-09 54.3123
80000 4000 58.5788 9648 0.0384487 6.18823e-09 64.0575
80000 4000 6.51477 1349 0.0106905 1.0264e-09 11.9134
80000 4000 10.2265 1069 0.00995524 1.29082e-09 15.6552
80000 4000 19.3885 1009 0.0208173 3.25014e-09 24.8179
80000 4000 37.6263 983 0.0302137 4.82434e-09 43.1361
80000 4000 46.847 979 0.0357527 5.74263e-09 52.3542
80000 4000 55.8551 975 0.0374657 6.03845e-09 61.3288
80000 4000 6.47993 270 0.010739 1.00659e-09 11.9061
80000 4000 10.2341 215 0.00992672 1.26393e-09 15.7809
80000 4000 19.2623 204 0.0206827 3.21467e-09 24.7702
80000 4000 38.2983 202 0.029403 4.69051e-09 43.7017
80000 4000 47.5637 202 0.0371889 5.97335e-09 53.0891
80000 4000 56.8703 203 0.0381374 6.14928e-09 62.3949
80000 4000 6.4592 135 0.010739 1.00659e-09 11.8982
80000 4000 10.271 108 0.0104038 1.32334e-09 15.7064
80000 4000 19.7492 104 0.0177419 2.74772e-09 25.1897
80000 4000 38.528 104 0.0307932 4.90338e-09 44.043
80000 4000 48.7287 105 0.0379128 6.06899e-09 54.251
80000 4000 59.5717 107 0.0340366 5.47445e-09 65.3166
80000 4000 6.48292 68 0.00893595 8.13747e-10 11.995
80000 4000 10.4831 55 0.0097919 1.22569e-09 15.9272
80000 4000 20.0019 53 0.0222888 3.42865e-09 25.4804
80000 4000 40.9225 56 0.0229564 3.64015e-09 46.429
80000 4000 52.2908 57 0.0319883 5.09477e-09 57.797
80000 4000 63.1314 58 0.0433369 6.91938e-09 68.5708
80000 4000 6.5236 34 0.00893595 8.13747e-10 12.0101
80000 4000 10.5874 28 0.0132426 1.59126e-09 16.0972
80000 4000 20.8771 28 0.0213607 3.22152e-09 26.3195
80000 4000 45.2489 31 0.0280755 4.37606e-09 50.7742
80000 4000 59.2704 33 0.0221102 3.44135e-09 64.7821
80000 4000 73.4958 34 0.04106 6.38841e-09 79.0632
80000 4000 6.68409 14 0.00341814 3.38025e-10 12.2033
80000 4000 12.2341 13 0.0015706 1.71585e-10 17.7117
80000 4000 24.1063 13 0.0130748 1.8046e-09 29.5898
80000 4000 57.8709 16 0.0215723 3.13924e-09 63.3894
80000 4000 81.0342 18 0.0133818 1.93649e-09 86.5898
80000 4000 102.011 19 0.0381115 5.49308e-09 107.529
80000 10000 58.9775 91843 0.00780039 1.13628e-09 72.7539
80000 10000 105.726 83544 0.0101944 2.38929e-09 119.518
80000 10000 202.602 80715 0.0180596 4.66421e-09 216.22
80000 10000 398.877 79302 0.0237467 6.24766e-09 412.654
80000 10000 492.647 78926 0.0251828 6.62517e-09 506.214
80000 10000 595.107 78807 0.0272153 7.1897e-09 608.894
80000 10000 54.8325 45921 0.00777283 1.13667e-09 68.605
80000 10000 99.1527 41773 0.0104493 2.45463e-09 112.939
80000 10000 190.75 40413 0.0176621 4.56689e-09 204.458
80000 10000 372.78 39671 0.0235449 6.19394e-09 386.554
80000 10000 465.105 39483 0.0251226 6.60427e-09 478.687
80000 10000 558.437 39441 0.0270127 7.12908e-09 572.191
80000 10000 50.9607 4592 0.00811855 1.13781e-09 64.5339
80000 10000 92.5426 4187 0.00988375 2.29634e-09 106.288
80000 10000 179.955 4056 0.0169904 4.38046e-09 193.761
80000 10000 353.788 3993 0.0233054 6.13087e-09 367.591
80000 10000 441.276 3974 0.0247379 6.49374e-09 455.088
80000 10000 531.461 3979 0.0267666 7.06546e-09 545.313
80000 10000 51.0553 919 0.00765551 1.1146e-09 64.6139
80000 10000 92.7145 841 0.00972701 2.24284e-09 106.5
80000 10000 182.23 819 0.0170608 4.40752e-09 195.873
80000 10000 358.958 817 0.0231755 6.0896e-09 372.759
80000 10000 449.146 819 0.0245959 6.46169e-09 462.957
80000 10000 539.815 824 0.0271156 7.15626e-09 553.931
80000 10000 50.9087 459 0.00791737 1.15413e-09 64.6712
80000 10000 92.6662 422 0.0097925 2.2525e-09 106.693
80000 10000 182.135 415 0.0165943 4.28003e-09 195.735
80000 10000 366.157 420 0.0231817 6.09434e-09 379.944
80000 10000 459.076 424 0.0252411 6.61947e-09 472.843
80000 10000 561.202 430 0.0274613 7.23217e-09 574.792
80000 10000 50.9059 230 0.00746104 1.08438e-09 64.8153
80000 10000 93.7009 213 0.0102657 2.22401e-09 107.505
80000 10000 185.979 213 0.0157735 4.06003e-09 199.558
80000 10000 382.486 221 0.0248686 6.50696e-09 396.067
80000 10000 491.364 227 0.0257303 6.72238e-09 504.963
80000 10000 607.059 233 0.0289824 7.5717e-09 620.903
80000 10000 50.8569 115 0.00746104 1.08438e-09 64.5888
80000 10000 95.7921 109 0.0085161 1.95451e-09 109.582
80000 10000 193.682 111 0.0185541 4.73249e-09 207.472
80000 10000 422.662 122 0.0269758 6.95921e-09 436.444
80000 10000 560.003 129 0.0260007 6.66869e-09 573.797
80000 10000 702.228 135 0.0308866 7.87512e-09 715.825
80000 10000 50.7345 46 0.00746104 1.08438e-09 64.556
80000 10000 100.781 46 0.00733162 1.63932e-09 114.572
80000 10000 223.019 51 0.01424 3.49176e-09 236.603
80000 10000 545.768 63 0.0271165 6.55249e-09 559.355
80000 10000 759.063 70 0.0272368 6.49928e-09 772.66
80000 10000 995.173 77 0.0291121 6.85144e-09 1008.76
160000 1000 0.517454 5843 0.0252478 1.10431e-09 3.27621
160000 1000 0.677512 3920 0.0222553 9.76712e-10 3.41831
160000 1000 1.17212 3402 0.0305688 1.47319e-09 3.87782
160000 1000 2.1885 3208 0.0601155 3.05455e-09 4.89158
160000 1000 2.70495 3177 0.072292 3.68455e-09 5.40335
160000 1000 3.23443 3155 0.0767943 3.90817e-09 6.04922
160000 1000 0.487587 2922 0.0262982 1.09827e-09 3.29786
160000 1000 0.657465 1961 0.0211244 9.50919e-10 3.56194
160000 1000 1.12221 1703 0.0292397 1.40668e-09 3.84513
160000 1000 2.13091 1607 0.0591388 3.00328e-09 4.88966
160000 1000 2.59656 1589 0.0727931 3.70889e-09 5.33769
160000 1000 3.12464 1578 0.0756943 3.85254e-09 5.84525
160000 1000 0.471595 292 0.0253482 1.11621e-09 3.21271
160000 1000 0.639847 198 0.0221773 9.97356e-10 3.34475
160000 1000 1.08324 172 0.0251343 1.20266e-09 3.79216
160000 1000 2.03328 162 0.0541565 2.74664e-09 4.79036
160000 1000 2.52354 160 0.0673558 3.42304e-09 5.28683
160000 1000 2.99338 159 0.0714386 3.63426e-09 5.73298
160000 1000 0.471837 59 0.0210917 8.76706e-10 3.21922
160000 1000 0.648202 41 0.0217903 9.74348e-10 3.35402
160000 1000 1.11567 35 0.0313211 1.46727e-09 3.86103
160000 1000 2.10924 34 0.0281751 1.42858e-09 4.84629
160000 1000 2.5539 33 0.0567974 2.87157e-09 5.30042
160000 1000 3.04615 33 0.0515398 2.61047e-09 5.72002
160000 1000 0.469336 29 0.0311766 1.36334e-09 3.25196
160000 1000 0.666549 21 0.0300601 1.3515e-09 3.37533
160000 1000 1.13176 18 0.0308068 1.38357e-09 3.83822
160000 1000 2.22114 18 0.0121488 6.08781e-10 4.97244
160000 1000 2.61539 17 0.0544021 2.7372e-09 5.3817
160000 1000 3.12784 17 0.0552345 2.73133e-09 5.85936
160000 1000 0.483694 15 0.0119972 5.029e-10 3.22597
160000 1000 0.763303 12 0.00584585 2.467e-10 3.49752
160000 1000 1.25277 10 0.0141025 6.32738e-10 3.98913
160000 1000 2.42356 10 0.00282586 1.35343e-10 5.13119
160000 1000 2.98934 10 0.00330077 1.62665e-10 5.71258
160000 1000 3.51891 10 0.00358256 1.75277e-10 6.24623
160000 1000 0.512034 8 0.00174272 7.57143e-11 3.25844
160000 1000 0.880896 7 0.000739963 3.25012e-11 3.59123
160000 1000 1.46926 6 0.00235534 1.04531e-10 4.1745
160000 1000 2.79069 6 0.000360469 1.60209e-11 5.51353
160000 1000 3.41199 6 0.000368168 1.70625e-11 6.15377
160000 1000 3.98569 6 0.000398129 1.87944e-11 6.71009
160000 1000 0.480475 3 0.0119972 5.029e-10 3.18846
160000 1000 0.941883 3 0.00159187 6.68989e-11 3.68887
160000 1000 1.76177 3 0.000422237 1.82155e-11 4.46152
160000 1000 3.31346 3 0.000199954 8.78176e-12 6.05118
160000 1000 4.01595 3 0.0002643 1.13896e-11 6.76314
160000 1000 4.75207 3 0.000349673 1.53366e-11 7.46552
160000 4000 7.03144 25484 0.023454 1.05507e-09 18.0516
160000 4000 10.0987 18316 0.0230461 1.2107e-09 21.1124
160000 4000 18.3054 16776 0.0339724 2.09533e-09 29.2967
160000 4000 35.1162 16125 0.0656748 4.21705e-09 46.1406
160000 4000 43.4716 16051 0.0735456 4.75036e-09 54.5634
160000 4000 51.8468 15957 0.0778485 5.03593e-09 62.8579
160000 4000 6.64508 12742 0.023454 1.05507e-09 17.6193
160000 4000 9.47063 9162 0.0230103 1.22561e-09 20.5063
160000 4000 17.2144 8397 0.0333791 2.05038e-09 28.0881
160000 4000 33.0186 8068 0.0641184 4.12048e-09 44.0704
160000 4000 40.6781 8029 0.0728872 4.70618e-09 51.5603
160000 4000 49.0153 7980 0.0774335 5.00647e-09 59.8283
160000 4000 6.23421 1274 0.0237657 1.06218e-09 17.2735
160000 4000 8.99498 920 0.0242161 1.19723e-09 20.0669
160000 4000 16.3061 843 0.0316704 1.93649e-09 27.3948
160000 4000 31.4987 811 0.0611718 3.93293e-09 42.5409
160000 4000 39.3201 808 0.070011 4.51505e-09 50.3727
160000 4000 46.8157 803 0.075309 4.87274e-09 57.7032
160000 4000 6.17166 255 0.0238233 1.03768e-09 17.2144
160000 4000 8.9773 185 0.0234733 1.22671e-09 20.0219
160000 4000 16.3449 170 0.0311575 1.89968e-09 27.3842
160000 4000 31.8441 165 0.0565598 3.63216e-09 42.8804
160000 4000 39.819 165 0.0658112 4.23499e-09 50.6636
160000 4000 47.3402 164 0.0753078 4.8672e-09 58.1065
160000 4000 6.25797 128 0.020686 9.42605e-10 17.2401
160000 4000 9.1358 94 0.0201096 9.72551e-10 20.1686
160000 4000 16.5832 86 0.0295174 1.75985e-09 27.6174
160000 4000 31.843 84 0.0565 3.6327e-09 42.8934
160000 4000 39.9002 84 0.0719221 4.62682e-09 50.8995
160000 4000 47.2055 84 0.0772141 4.95718e-09 58.0735
160000 4000 6.24957 64 0.020686 9.42605e-10 17.2769
160000 4000 9.14744 47 0.0325883 1.5241e-09 20.2035
160000 4000 16.9463 44 0.0252116 1.50767e-09 27.9667
160000 4000 33.1075 44 0.0391304 2.49944e-09 43.8162
160000 4000 41.3476 44 0.0649335 4.17183e-09 52.2166
160000 4000 49.0741 44 0.083954 5.39086e-09 59.9896
160000 4000 6.19903 32 0.020686 9.42605e-10 17.1897
160000 4000 9.24826 24 0.0403466 2.03172e-09 20.2933
160000 4000 17.5265 23 0.0200635 1.17471e-09 28.5698
160000 4000 34.2761 23 0.0616252 3.88154e-09 45.3232
160000 4000 44.9197 24 0.0497316 3.1659e-09 55.9669
160000 4000 55.2809 25 0.0332227 2.1102e-09 66.2727
160000 4000 6.35495 13 0.0128923 5.9737e-10 17.4045
160000 4000 10.5902 11 0.00772782 3.70859e-10 21.544
160000 4000 20.7403 11 0.00197954 1.076e-10 31.8199
160000 4000 41.0657 11 0.0337007 2.03527e-09 52.0946
160000 4000 55.6208 12 0.016995 1.03418e-09 66.8091
160000 4000 65.7295 12 0.0763904 4.60548e-09 76.7269
160000 10000 45.9254 71853 0.0212261 1.05101e-09 73.0451
160000 10000 75.1842 59074 0.0199357 1.45049e-09 102.369
160000 10000 142.172 56324 0.0348195 2.95447e-09 169.65
160000 10000 274.841 54697 0.0552334 4.842e-09 302.378
160000 10000 347.332 54418 0.0602501 5.2949e-09 374.727
160000 10000 408.489 54089 0.0652555 5.7363e-09 436.027
160000 10000 43.1881 35926 0.0207116 1.05171e-09 70.3874
160000 10000 70.2485 29561 0.0199505 1.43111e-09 97.3995
160000 10000 133.308 28172 0.0345811 2.94089e-09 160.57
160000 10000 258.671 27366 0.0550142 4.82284e-09 286.242
160000 10000 324.213 27226 0.0595065 5.22373e-09 351.594
160000 10000 384.108 27057 0.0648624 5.70113e-09 411.317
160000 10000 40.4449 3593 0.0221578 1.04819e-09 68.0376
160000 10000 66.4387 2964 0.0194589 1.41639e-09 93.9205
160000 10000 126.385 2825 0.0337499 2.86986e-09 153.988
160000 10000 245.927 2750 0.0534951 4.68999e-09 273.613
160000 10000 305.323 2734 0.0586433 5.14602e-09 332.5
160000 10000 365.47 2719 0.0643106 5.64368e-09 393.503
160000 10000 40.1261 719 0.0203578 1.02771e-09 67.3962
160000 10000 66.4142 595 0.0191769 1.37918e-09 93.6676
160000 10000 126.85 568 0.0344774 2.92083e-09 154.572
160000 10000 248.154 557 0.053301 4.6743e-09 275.374
160000 10000 307.083 556 0.0581271 5.10426e-09 334.669
160000 10000 364.676 555 0.0633976 5.56846e-09 392.51
160000 10000 39.8599 359 0.0215347 1.07446e-09 66.3495
160000 10000 66.0368 298 0.0197182 1.42524e-09 93.5688
160000 10000 126.533 286 0.0338631 2.86278e-09 154.353
160000 10000 247.52 283 0.053623 4.70048e-09 274.65
160000 10000 310.905 283 0.0612503 5.37945e-09 338.039
160000 10000 370.433 284 0.0645147 5.66372e-09 397.669
160000 10000 39.8959 180 0.0197566 9.79687e-10 67.3968
160000 10000 66.3168 150 0.0212293 1.39781e-09 94.1916
160000 10000 127.965 145 0.0331973 2.79246e-09 155.597
160000 10000 256.708 146 0.0524833 4.59399e-09 283.925
160000 10000 333.03 147 0.0630671 5.52606e-09 361.281
160000 10000 410.274 149 0.0632204 5.53822e-09 446.935
160000 10000 42.6118 90 0.0197566 9.79687e-10 70.8363
160000 10000 73.8308 76 0.0192805 1.35869e-09 111.017
160000 10000 137.583 75 0.0275408 2.28041e-09 166.076
160000 10000 272.295 77 0.0591967 5.15273e-09 299.825
160000 10000 373.8 79 0.0653236 5.68599e-09 402.558
160000 10000 431.253 81 0.0730693 6.34812e-09 459.355
160000 10000 40.7718 36 0.0197566 9.79687e-10 68.774
160000 10000 71.9222 32 0.0131846 8.61874e-10 100.211
160000 10000 149.012 33 0.0162561 1.33939e-09 177.092
160000 10000 323.17 36 0.061304 5.17874e-09 351.229
160000 10000 435.239 39 0.0420264 3.53417e-09 462.799
160000 10000 544.438 41 0.0590866 4.93915e-09 572.366
