2000 50 0.00326567 1262 0.000581068 2.03938e-09 0.0938871
2000 50 0.011101 657 0.000492705 1.6944e-09 0.0195422
2000 50 0.02013 330 0.000274547 1.00018e-09 0.0326302
2000 50 0.0191841 171 0.000516402 1.89329e-09 0.0330104
2000 50 0.0159524 124 0.000194533 6.8116e-10 0.0256359
2000 50 0.0137411 69 0.000469389 1.72861e-09 0.0347682
2000 50 0.0282161 51 0.000365494 1.32109e-09 0.0641327
2000 100 0.00987148 2808 0.000311962 1.08638e-09 0.0992106
2000 100 0.0289801 1464 0.000301993 1.11521e-09 0.0411256
2000 100 0.0459784 733 0.000411605 1.65019e-09 0.059672
2000 100 0.0402753 377 0.000392096 1.4592e-09 0.0668001
2000 100 0.0316459 258 0.00034071 1.2927e-09 0.0501815
2000 100 0.0259044 148 0.000314904 1.26268e-09 0.0431673
2000 100 0.0669922 110 0.000923989 4.95432e-09 0.102994
2000 200 0.0397551 7102 0.000313931 1.45793e-09 0.145531
2000 200 0.0905907 3594 0.000279042 1.24097e-09 0.108762
2000 200 0.123173 1788 0.000269772 1.33358e-09 0.199356
2000 200 0.102176 897 0.000246634 1.14778e-09 0.166071
2000 200 0.0798241 607 0.000369748 1.7537e-09 0.146729
2000 200 0.0676201 368 0.000328375 1.51127e-09 0.14556
2000 200 0.148355 279 0.000162225 1.06052e-09 0.328547
2000 500 0.427281 36647 0.000196104 2.96962e-09 0.704462
2000 500 0.649883 18055 0.00014 1.66485e-09 0.68649
2000 500 0.861298 9098 0.000212118 3.10369e-09 0.89876
2000 500 0.684406 4645 0.000166966 1.36045e-09 1.0392
2000 500 0.547277 3099 0.000217175 3.21656e-09 0.906638
2000 500 0.444033 1910 0.000151905 2.18474e-09 0.491494
2000 500 0.987295 1532 0.000152655 2.65535e-09 1.09699
2000 750 1.77478 105577 7.01441e-05 1.68747e-09 2.25438
2000 750 2.86249 52325 6.55924e-05 1.70872e-09 3.4211
2000 750 3.06275 25993 0.000112686 3.41197e-09 3.12056
2000 750 2.45844 13699 6.60558e-05 1.47642e-09 2.51297
2000 750 1.91706 9008 7.19102e-05 1.90952e-09 1.9726
2000 750 2.3274 5436 9.96846e-05 3.08767e-09 2.9711
2000 750 3.4185 4503 8.40329e-05 3.00986e-09 4.1547
4000 50 0.00337947 1292 0.00155491 2.28207e-09 0.110683
4000 50 0.0109992 664 0.000802481 1.37924e-09 0.0347066
4000 50 0.0201909 325 0.000910233 1.69198e-09 0.0459134
4000 50 0.017552 172 0.00054766 9.24052e-10 0.0289242
4000 50 0.0150471 121 0.000912932 1.49561e-09 0.0289997
4000 50 0.0132969 69 0.000811388 1.27061e-09 0.0335787
4000 50 0.0272088 48 0.000505215 8.57182e-10 0.0614277
4000 100 0.0101341 2736 0.000528358 9.6204e-10 0.107074
4000 100 0.0260304 1381 0.00067612 1.22561e-09 0.0454313
4000 100 0.0428535 695 0.000604584 1.08283e-09 0.106774
4000 100 0.0441352 360 0.000644011 1.22772e-09 0.113015
4000 100 0.0313982 250 0.000703234 1.15183e-09 0.0514364
4000 100 0.0249209 139 0.000662435 1.2125e-09 0.100286
4000 100 0.052436 97 0.000488297 9.51499e-10 0.140543
4000 200 0.0346539 6060 0.000576789 9.8341e-10 0.298577
4000 200 0.07339 2990 0.000579684 1.05883e-09 0.103077
4000 200 0.107999 1511 0.00059027 1.12353e-09 0.139093
4000 200 0.0878077 767 0.000641769 1.18868e-09 0.269332
4000 200 0.0747981 530 0.000608594 1.17041e-09 0.108767
4000 200 0.0548163 297 0.000620013 1.29788e-09 0.109189
4000 200 0.114751 216 0.000560181 1.10874e-09 0.386295
4000 500 0.236733 20078 0.000483594 1.5393e-09 1.04173
4000 500 0.399981 10270 0.000405321 1.05029e-09 0.465048
4000 500 0.48527 5127 0.000400821 9.74979e-10 0.544362
4000 500 0.383271 2584 0.000444732 1.22511e-09 0.448195
4000 500 0.317494 1765 0.000395885 1.01094e-09 1.37487
4000 500 0.244884 1061 0.000478223 1.47507e-09 1.35458
4000 500 0.536703 817 0.000418764 1.74722e-09 3.9236
4000 750 0.710446 42124 0.000317543 1.25662e-09 2.3492
4000 750 1.16608 20907 0.000389796 1.6973e-09 3.41489
4000 750 1.20664 10389 0.000302352 1.22342e-09 1.29383
4000 750 0.942645 5191 0.000383915 1.70744e-09 3.23376
4000 750 0.785063 3567 0.000391902 1.01393e-09 0.894733
4000 750 0.957226 2207 0.000394525 2.01653e-09 1.08846
4000 750 1.26048 1728 0.000384668 1.99621e-09 4.22935
4000 1000 1.68284 76543 0.000426126 3.60285e-09 4.34141
4000 1000 2.53838 38501 0.000333189 2.50971e-09 2.6561
4000 1000 2.62567 19182 0.000283141 1.97151e-09 2.7366
4000 1000 2.03689 9552 0.000317791 2.05774e-09 2.1635
4000 1000 1.73033 6604 0.000396066 2.7092e-09 1.86363
4000 1000 1.93382 4137 0.000299401 1.47351e-09 2.10434
4000 1000 2.65492 3209 0.000293412 2.57916e-09 6.89296
20000 50 0.0037082 1249 0.00326969 1.15311e-09 0.326112
20000 50 0.0107776 644 0.00477631 1.70013e-09 0.300127
20000 50 0.0207375 317 0.014838 4.99858e-09 0.0555603
20000 50 0.0173147 172 0.00430711 1.51601e-09 0.286486
20000 50 0.0146335 121 0.00406683 1.32505e-09 0.320143
20000 50 0.0131016 69 0.0082972 2.84254e-09 0.0642196
20000 50 0.0259386 46 0.00517291 1.59675e-09 0.135027
20000 100 0.010593 2641 0.00301499 1.0589e-09 0.800453
20000 100 0.027281 1322 0.00423447 1.48041e-09 0.984753
20000 100 0.0440425 677 0.00272445 9.58063e-10 0.104134
20000 100 0.0367414 349 0.00357165 1.15055e-09 0.105752
20000 100 0.0293845 240 0.0038967 1.29608e-09 1.10604
20000 100 0.0241285 130 0.00359325 1.23555e-09 0.129192
20000 100 0.0464391 89 0.00306449 1.13869e-09 1.27365
20000 200 0.0335962 5428 0.00405998 1.43427e-09 3.37594
20000 200 0.0717187 2775 0.00362026 1.17554e-09 4.0775
20000 200 0.101205 1399 0.00204787 7.23895e-10 0.215607
20000 200 0.0849899 712 0.00285609 1.00961e-09 4.10058
20000 200 0.0716294 490 0.00346286 1.16224e-09 4.44921
20000 200 0.0508636 266 0.00347179 1.08319e-09 4.44755
20000 200 0.0961327 177 0.00300585 9.84526e-10 0.492386
20000 500 0.190846 14829 0.00277895 1.0157e-09 0.691418
20000 500 0.267981 7318 0.00308554 1.08641e-09 0.524481
20000 500 0.348485 3655 0.00346553 1.25197e-09 0.582659
20000 500 0.285447 1867 0.00316264 1.14774e-09 0.531289
20000 500 0.226186 1279 0.00304173 9.96761e-10 0.470521
20000 500 0.162779 695 0.00286051 1.07372e-09 0.452488
20000 500 0.319581 481 0.00387034 1.30569e-09 1.08373
20000 750 0.419959 23069 0.00292886 1.11205e-09 1.35386
20000 750 0.625523 11545 0.002977 1.10286e-09 0.991876
20000 750 0.692537 5735 0.0030674 1.09667e-09 1.02913
20000 750 0.543145 2946 0.00280462 1.01206e-09 0.887684
20000 750 0.434696 1986 0.00304254 1.00798e-09 0.795457
20000 750 0.552005 1117 0.0042104 1.64154e-09 0.948331
20000 750 0.587468 781 0.00242663 1.10413e-09 1.58553
20000 1000 0.751832 31889 0.00332904 1.2456e-09 1.46536
20000 1000 1.0841 16093 0.00252523 9.94416e-10 1.55822
20000 1000 1.12792 8078 0.00273941 1.05322e-09 1.58792
20000 1000 0.859571 4087 0.00278782 1.1072e-09 1.31366
20000 1000 0.690973 2762 0.00277296 1.10457e-09 1.15013
20000 1000 0.754349 1565 0.00309367 1.3014e-09 1.28318
20000 1000 0.944359 1133 0.00296636 1.41785e-09 2.25823
20000 2000 3.58333 77577 0.0024633 1.26378e-09 5.16886
20000 2000 4.81981 39175 0.00211267 1.0207e-09 5.74095
20000 2000 4.49676 19570 0.00242697 1.07559e-09 5.37442
20000 2000 3.33199 9869 0.00239328 1.13345e-09 4.18864
20000 2000 3.65111 6656 0.00234716 1.16451e-09 4.55586
20000 2000 2.52771 3966 0.00207267 1.15911e-09 3.53255
20000 2000 3.62124 3054 0.0030364 2.11631e-09 6.09878
20000 4000 22.7661 253087 0.00178905 1.90959e-09 24.922
20000 4000 27.0951 126368 0.00141783 1.32593e-09 28.9131
20000 4000 23.6878 63993 0.00137282 1.24175e-09 25.4725
20000 4000 16.3402 31821 0.00137952 1.20721e-09 18.0475
20000 4000 17.2716 21417 0.00162074 1.58029e-09 19.0087
20000 4000 12.5864 13353 0.00142576 1.46482e-09 14.4409
20000 4000 17.9231 10527 0.00165151 2.36793e-09 22.6973
40000 50 0.00401532 1266 0.0143324 2.43352e-09 0.707391
40000 50 0.0105076 639 0.0104487 1.82429e-09 0.0758385
40000 50 0.0203835 327 0.0089522 1.44837e-09 0.0841633
40000 50 0.0183668 171 0.0115713 1.97095e-09 0.0893329
40000 50 0.0163757 121 0.0057394 9.80887e-10 0.940405
40000 50 0.0134367 68 0.00895456 1.55884e-09 0.937406
40000 50 0.0272326 46 0.0128577 2.22465e-09 2.7636
40000 100 0.0119807 2590 0.00647444 1.12671e-09 3.16521
40000 100 0.0282863 1316 0.0058276 9.91228e-10 3.09639
40000 100 0.0437256 669 0.00648174 1.11045e-09 0.158153
40000 100 0.036393 339 0.00849309 1.4871e-09 0.158187
40000 100 0.0301134 235 0.00685838 1.18277e-09 0.164145
40000 100 0.0246231 132 0.00657274 1.1135e-09 3.31845
40000 100 0.0459575 86 0.0060032 1.03897e-09 10.7523
40000 200 0.0380085 5463 0.00708157 1.11674e-09 9.34741
40000 200 0.0710537 2722 0.00743339 1.25414e-09 0.29094
40000 200 0.103764 1383 0.00606086 1.07336e-09 11.2146
40000 200 0.0836434 700 0.00699802 1.15198e-09 11.0408
40000 200 0.0673991 483 0.00927302 1.25202e-09 12.6073
40000 200 0.0500555 264 0.00714253 1.27415e-09 0.352544
40000 200 0.0981244 176 0.0106917 1.76729e-09 40.8953
40000 500 0.196827 14371 0.00777731 1.12535e-09 0.854107
40000 500 0.277989 7214 0.0060089 1.05685e-09 0.761713
40000 500 0.347487 3593 0.00683379 1.2319e-09 0.807274
40000 500 0.296665 1838 0.00741231 1.26514e-09 0.771603
40000 500 0.226345 1251 0.00804995 1.20149e-09 0.703371
40000 500 0.159911 671 0.00636668 1.13127e-09 0.662843
40000 500 0.307783 451 0.00638457 1.16359e-09 1.57829
40000 750 0.417676 22123 0.00605747 1.09467e-09 1.8283
40000 750 0.601117 11071 0.00579765 1.05041e-09 1.29514
40000 750 0.664122 5552 0.00646361 1.13993e-09 1.32709
40000 750 0.533032 2830 0.00589684 1.07565e-09 1.21676
40000 750 0.481253 1915 0.00617436 1.12294e-09 1.18129
40000 750 0.45305 1038 0.00766509 1.14314e-09 1.16422
40000 750 0.530288 702 0.00584103 1.08895e-09 2.40871
40000 1000 0.730406 30259 0.00636767 1.08658e-09 1.88977
40000 1000 1.04063 15181 0.00572521 9.84321e-10 1.95367
40000 1000 1.07158 7620 0.00553803 9.80218e-10 1.95331
40000 1000 0.824651 3845 0.00575217 1.01873e-09 1.68856
40000 1000 0.690803 2611 0.00562657 1.03983e-09 1.58417
40000 1000 0.674556 1418 0.00586752 1.08623e-09 1.68639
40000 1000 0.807956 987 0.00538047 1.09491e-09 3.3524
40000 2000 2.96902 65317 0.00599591 1.03716e-09 5.84404
40000 2000 4.04951 33066 0.00534159 1.01339e-09 5.83889
40000 2000 3.80168 16517 0.00521528 9.96142e-10 5.60994
40000 2000 2.94202 8356 0.00535251 1.05766e-09 4.73549
40000 2000 3.11991 5654 0.00529403 1.02075e-09 4.93744
40000 2000 2.03381 3159 0.00497309 1.02166e-09 3.89314
40000 2000 2.72087 2312 0.00435691 1.00935e-09 7.47411
40000 4000 14.1265 158966 0.00447232 1.10178e-09 18.2861
40000 4000 17.9914 80255 0.00468309 1.1132e-09 21.4821
40000 4000 14.8106 40189 0.00451141 1.11035e-09 18.2548
40000 4000 10.4227 20382 0.00454462 1.11892e-09 13.8544
40000 4000 11.0276 13638 0.00580932 1.14482e-09 14.4894
40000 4000 7.58874 8090 0.0046145 1.25647e-09 11.1073
40000 4000 10.5974 6250 0.00433229 1.66237e-09 20.144
40000 10000 181.084 836419 0.00254306 1.71342e-09 191.669
40000 10000 237.341 416164 0.00269116 1.88409e-09 246.062
40000 10000 173.066 209061 0.00269287 1.91364e-09 181.794
40000 10000 112.132 106083 0.00267712 1.57479e-09 120.745
40000 10000 112.459 70706 0.00232462 1.47998e-09 120.895
40000 10000 77.6844 43914 0.00238663 1.83476e-09 86.1032
40000 10000 131.172 35664 0.00203512 1.77314e-09 154.069
80000 50 0.00476591 1271 0.0161229 1.40146e-09 2.9519
80000 50 0.0118562 637 0.0146336 1.27768e-09 3.35616
80000 50 0.0211924 322 0.0217015 1.86808e-09 0.144109
80000 50 0.018673 175 0.0136624 1.17729e-09 3.14475
80000 50 0.0156924 116 0.0146874 1.13557e-09 3.50866
80000 50 0.0151881 67 0.0199095 1.74007e-09 3.56828
80000 50 0.026416 45 0.01915 1.67361e-09 0.423371
80000 100 0.0139012 2627 0.0145712 1.26191e-09 10.3054
80000 100 0.0277263 1308 0.0111353 9.59307e-10 0.254012
80000 100 0.0431042 673 0.0176347 1.56477e-09 0.249889
80000 100 0.0370402 339 0.0140447 1.19536e-09 11.7858
80000 100 0.0315732 237 0.0127994 1.10135e-09 11.8125
80000 100 0.0250202 130 0.014417 1.25118e-09 12.8347
80000 100 0.0505621 88 0.0185878 1.6458e-09 38.9318
80000 200 0.0410741 5377 0.0132127 1.16409e-09 0.871585
80000 200 0.0728908 2727 0.0130843 1.15611e-09 0.491965
80000 200 0.104411 1379 0.016055 1.2972e-09 0.490845
80000 200 0.0853254 700 0.0127148 1.07518e-09 0.468653
80000 200 0.0673616 480 0.0143829 1.09158e-09 0.444266
80000 200 0.0491527 260 0.0171229 1.18091e-09 0.460935
80000 200 0.0950316 171 0.0115123 9.17913e-10 1.1879
80000 500 0.207925 14172 0.0125702 1.09676e-09 1.41756
80000 500 0.27981 7092 0.0122671 1.08951e-09 1.29691
80000 500 0.35163 3595 0.0116565 1.00347e-09 1.23498
80000 500 0.285033 1822 0.0130495 1.03107e-09 1.17053
80000 500 0.215756 1231 0.0130112 1.13243e-09 1.11413
80000 500 0.158981 667 0.0117816 1.05088e-09 1.12492
80000 500 0.294862 436 0.0130218 1.11487e-09 2.74455
80000 750 0.426495 21649 0.0124298 1.01936e-09 2.37024
80000 750 0.633733 10829 0.0124144 1.10212e-09 1.97692
80000 750 0.665022 5491 0.0123994 1.09915e-09 1.98684
80000 750 0.519635 2765 0.0111891 9.9483e-10 1.80991
80000 750 0.404784 1875 0.0116963 9.42477e-10 1.68058
80000 750 0.430769 1012 0.0140467 1.22893e-09 1.74544
80000 750 0.501741 675 0.0116604 1.04784e-09 4.181
80000 1000 0.766681 29303 0.0118306 1.05181e-09 3.74795
80000 1000 1.04024 14724 0.0130163 1.145e-09 2.91681
80000 1000 1.05826 7448 0.0127346 1.1373e-09 2.83179
80000 1000 0.829879 3766 0.0126014 1.12195e-09 2.52707
80000 1000 0.642837 2527 0.0129102 1.13443e-09 2.36013
80000 1000 0.652934 1379 0.0109652 9.60312e-10 2.51478
80000 1000 0.767068 915 0.0140646 1.23339e-09 5.65144
80000 2000 2.99967 62350 0.0107983 9.74189e-10 7.91336
80000 2000 3.79153 31066 0.0113177 9.88017e-10 7.39135
80000 2000 3.58541 15633 0.0116353 1.04578e-09 7.02474
80000 2000 2.68991 7872 0.0130779 1.02546e-09 6.13955
80000 2000 2.89267 5332 0.0109584 1.00741e-09 6.24397
80000 2000 1.83881 2922 0.0136941 1.25624e-09 5.37566
80000 2000 2.34969 1988 0.0135471 1.21376e-09 11.6906
80000 4000 12.2526 134896 0.0105279 1.02759e-09 20.7015
80000 4000 14.8184 67776 0.0108549 1.01292e-09 21.8546
80000 4000 12.6389 34088 0.0114341 9.66833e-10 19.6042
80000 4000 8.65001 17134 0.0104165 1.01058e-09 15.474
80000 4000 9.21418 11549 0.0100698 9.84257e-10 15.9641
80000 4000 6.12554 6480 0.010554 1.08357e-09 12.9542
80000 4000 8.12856 4718 0.0103675 1.29146e-09 26.5882
80000 10000 100.408 459214 0.00778634 1.13627e-09 135.455
80000 10000 132.471 229101 0.0080464 1.19105e-09 149.943
80000 10000 95.8277 115114 0.00813281 1.22903e-09 113.768
80000 10000 61.4085 58221 0.00805664 1.14419e-09 78.6498
80000 10000 62.1264 39012 0.00765338 1.09665e-09 79.1971
80000 10000 41.6846 23565 0.0073599 1.19591e-09 58.8936
80000 10000 67.7515 18526 0.00918038 1.53984e-09 113.676
160000 50 0.00585409 1252 0.0365662 1.55772e-09 10.2454
160000 50 0.0110722 621 0.0351453 1.54519e-09 0.248526
160000 50 0.0205457 323 0.0390102 1.69972e-09 0.239529
160000 50 0.0172936 169 0.0419891 1.57308e-09 0.256831
160000 50 0.0159845 117 0.0330608 1.44312e-09 14.3254
160000 50 0.012819 68 0.05651 2.18677e-09 0.323142
160000 50 0.0285861 46 0.0411171 1.47451e-09 14.3606
160000 100 0.015576 2637 0.0255795 1.11375e-09 0.853786
160000 100 0.0307329 1326 0.0355905 1.47382e-09 0.428005
160000 100 0.0436362 666 0.0298318 1.28456e-09 0.414704
160000 100 0.0391695 347 0.0322161 1.29623e-09 0.418152
160000 100 0.0300531 238 0.0249308 1.08549e-09 0.422881
160000 100 0.0263758 131 0.0285843 1.22208e-09 0.494811
160000 100 0.047114 88 0.0337923 1.47015e-09 1.14058
160000 200 0.0460583 5409 0.0237066 9.78544e-10 1.54236
160000 200 0.0778666 2711 0.0239724 1.03358e-09 0.861819
160000 200 0.102301 1351 0.0287041 1.25694e-09 0.858049
160000 200 0.0851106 709 0.026756 1.17673e-09 0.80705
160000 200 0.0676581 476 0.0242108 1.04187e-09 0.796894
160000 200 0.05109 259 0.029055 1.24322e-09 0.844216
160000 200 0.0951214 170 0.0302021 1.32083e-09 2.07036
160000 500 0.219325 14101 0.0256375 1.11693e-09 2.88303
160000 500 0.291349 7037 0.0277542 1.02298e-09 2.0839
160000 500 0.344724 3558 0.0261296 1.13633e-09 2.14894
160000 500 0.286877 1806 0.0226034 9.77637e-10 2.03997
160000 500 0.217964 1230 0.0287385 1.16302e-09 1.94161
160000 500 0.155287 662 0.0256623 1.10273e-09 2.0121
160000 500 0.290505 436 0.0369813 1.50247e-09 5.16982
160000 750 0.460514 21400 0.0273828 1.19054e-09 3.83345
160000 750 0.645898 10886 0.0243006 1.04596e-09 3.31522
160000 750 0.725155 5413 0.0252625 1.03456e-09 3.53128
160000 750 0.519699 2737 0.0257942 1.1237e-09 3.08081
160000 750 0.408624 1884 0.0299118 1.04712e-09 2.93647
160000 750 0.418735 1002 0.0236113 1.00395e-09 3.05253
160000 750 0.48137 662 0.026229 1.11745e-09 7.56374
160000 1000 0.826672 29216 0.0253517 1.10172e-09 5.37439
160000 1000 1.03149 14431 0.0231801 1.01675e-09 4.57909
160000 1000 1.04855 7281 0.0261319 1.15019e-09 4.56803
160000 1000 0.811684 3716 0.0247727 1.0785e-09 4.29388
160000 1000 0.646866 2529 0.0266702 1.07159e-09 4.10992
160000 1000 0.629988 1349 0.0251582 1.09743e-09 4.2955
160000 1000 0.724561 899 0.0283207 1.20182e-09 10.0439
160000 2000 2.8613 60487 0.0252402 1.04672e-09 11.2661
160000 2000 3.66662 30301 0.0238693 1.06542e-09 10.7323
160000 2000 3.6698 15313 0.025923 1.08687e-09 10.9733
160000 2000 2.69435 7690 0.0253047 1.04642e-09 9.58924
160000 2000 2.92161 5207 0.0249249 9.60829e-10 9.76289
160000 2000 1.73607 2802 0.0247893 1.12173e-09 8.58464
160000 2000 2.12914 1875 0.0317951 1.48955e-09 20.7676
160000 4000 12.2737 127419 0.0237823 1.05551e-09 29.8042
160000 4000 14.0091 63452 0.0241894 1.10035e-09 28.1694
160000 4000 12.2657 31975 0.022393 1.01486e-09 26.6434
160000 4000 8.27524 16162 0.0220786 1.01515e-09 22.3405
160000 4000 8.74943 10920 0.0232967 1.03654e-09 22.2973
160000 4000 5.40104 5920 0.0226936 1.0069e-09 18.9142
160000 4000 7.41357 4146 0.0257077 1.32884e-09 44.1015
160000 10000 80.0879 359266 0.0210137 1.05102e-09 120.573
160000 10000 104.745 180576 0.0195351 9.99976e-10 139.301
160000 10000 75.0151 90879 0.0201274 1.01496e-09 111.308
160000 10000 48.5243 45748 0.0197368 1.01744e-09 82.2385
160000 10000 49.4254 30927 0.0215904 1.05995e-09 82.6675
160000 10000 31.6136 17724 0.0230309 1.21241e-09 64.9789
160000 10000 48.2067 13197 0.0176624 1.2319e-09 139.702