2000 50 0.00294833 1262 0.000581068 2.03938e-09 0.015732
2000 50 0.00322439 1262 0.000581068 2.03938e-09 0.0166575
2000 50 0.00274489 657 0.000492705 1.6944e-09 0.0153146
2000 50 0.0099569 657 0.000492705 1.6944e-09 0.0186893
2000 50 0.00268066 330 0.000274547 1.00018e-09 0.0155576
2000 50 0.010043 330 0.000274547 1.00018e-09 0.0173409
2000 50 0.00261538 171 0.000516402 1.89329e-09 0.0156167
2000 50 0.00694647 171 0.000516402 1.89329e-09 0.0161759
2000 50 0.00343944 124 0.000194533 6.8116e-10 0.0153664
2000 50 0.00933028 124 0.000194533 6.8116e-10 0.0191769
2000 50 0.00408691 69 0.000469389 1.72861e-09 0.0167564
2000 50 0.00605176 69 0.000469389 1.72861e-09 0.018129
2000 50 0.00634903 51 0.000365494 1.32109e-09 0.0196266
2000 50 0.0225883 51 0.000365494 1.32109e-09 0.0440362
2000 100 0.00999909 2808 0.000311962 1.08638e-09 0.0327563
2000 100 0.0101885 2808 0.000311962 1.08638e-09 0.0328873
2000 100 0.00945896 1464 0.000301993 1.11521e-09 0.0315303
2000 100 0.0290951 1464 0.000301993 1.11521e-09 0.0561231
2000 100 0.00899389 733 0.000411605 1.65019e-09 0.0309184
2000 100 0.0171299 733 0.000411605 1.65019e-09 0.0281683
2000 100 0.00921288 377 0.000392096 1.4592e-09 0.0314711
2000 100 0.0146499 377 0.000392096 1.4592e-09 0.0299203
2000 100 0.0113862 258 0.00034071 1.2927e-09 0.0344373
2000 100 0.0164493 258 0.00034071 1.2927e-09 0.0311656
2000 100 0.0130167 148 0.000314904 1.26268e-09 0.0362001
2000 100 0.0144507 148 0.000314904 1.26268e-09 0.0339119
2000 100 0.0194474 110 0.000923989 4.95432e-09 0.0431656
2000 100 0.0387884 110 0.000923989 4.95432e-09 0.0559171
2000 200 0.0412423 7102 0.000313931 1.45793e-09 0.170956
2000 200 0.0399191 7102 0.000313931 1.45793e-09 0.0941734
2000 200 0.0388861 3594 0.000279042 1.24097e-09 0.0933197
2000 200 0.080579 3594 0.000279042 1.24097e-09 0.0983341
2000 200 0.0373041 1788 0.000269772 1.33358e-09 0.0919941
2000 200 0.0513541 1788 0.000269772 1.33358e-09 0.0685758
2000 200 0.0373039 897 0.000246634 1.14778e-09 0.0925977
2000 200 0.0393473 897 0.000246634 1.14778e-09 0.0581688
2000 200 0.0482831 607 0.000369748 1.7537e-09 0.101908
2000 200 0.0578538 607 0.000369748 1.7537e-09 0.0796369
2000 200 0.0584493 368 0.000328375 1.51127e-09 0.112013
2000 200 0.0423843 368 0.000328375 1.51127e-09 0.0632763
2000 200 0.0868361 279 0.000162225 1.06052e-09 0.141016
2000 200 0.0930044 279 0.000162225 1.06052e-09 0.119138
2000 500 0.465706 36647 0.000196104 2.96962e-09 0.764598
2000 500 0.427315 36647 0.000196104 2.96962e-09 0.658136
2000 500 0.428999 18055 0.00014 1.66485e-09 0.660621
2000 500 0.68871 18055 0.00014 1.66485e-09 1.05398
2000 500 0.41699 9098 0.000212118 3.10369e-09 0.646257
2000 500 0.521705 9098 0.000212118 3.10369e-09 0.557079
2000 500 0.41669 4645 0.000166966 1.36045e-09 0.645916
2000 500 0.354614 4645 0.000166966 1.36045e-09 0.392029
2000 500 0.570263 3099 0.000217175 3.21656e-09 0.799913
2000 500 0.344396 3099 0.000217175 3.21656e-09 0.390812
2000 500 0.697188 1910 0.000151905 2.18474e-09 0.92618
2000 500 0.349476 1910 0.000151905 2.18474e-09 0.394399
2000 500 1.11727 1532 0.000152655 2.65535e-09 1.34703
2000 500 0.577365 1532 0.000152655 2.65535e-09 0.621371
2000 750 1.94983 105577 7.01441e-05 1.68747e-09 2.42361
2000 750 1.77097 105577 7.01441e-05 1.68747e-09 2.25132
2000 750 1.81163 52325 6.55924e-05 1.70872e-09 2.28627
2000 750 2.87916 52325 6.55924e-05 1.70872e-09 2.92879
2000 750 1.73603 25993 0.000112686 3.41197e-09 2.21481
2000 750 2.05229 25993 0.000112686 3.41197e-09 2.1031
2000 750 1.84465 13699 6.60558e-05 1.47642e-09 2.32877
2000 750 1.76607 13699 6.60558e-05 1.47642e-09 1.81696
2000 750 2.5093 9008 7.19102e-05 1.90952e-09 2.99648
2000 750 1.59649 9008 7.19102e-05 1.90952e-09 1.64555
2000 750 2.92432 5436 9.96846e-05 3.08767e-09 3.40324
2000 750 1.31325 5436 9.96846e-05 3.08767e-09 1.37024
2000 750 4.84122 4503 8.40329e-05 3.00986e-09 5.31639
2000 750 1.88907 4503 8.40329e-05 3.00986e-09 1.94723
4000 50 0.00318007 1292 0.00155491 2.28207e-09 0.0777318
4000 50 0.00360536 1292 0.00155491 2.28207e-09 0.0262001
4000 50 0.00295458 664 0.000802481 1.37924e-09 0.0280588
4000 50 0.0109285 664 0.000802481 1.37924e-09 0.0225006
4000 50 0.00289031 325 0.000910233 1.69198e-09 0.0259255
4000 50 0.00635426 325 0.000910233 1.69198e-09 0.0187866
4000 50 0.00280978 172 0.00054766 9.24052e-10 0.0257258
4000 50 0.00539891 172 0.00054766 9.24052e-10 0.0187916
4000 50 0.0035257 121 0.000912932 1.49561e-09 0.0268259
4000 50 0.00828868 121 0.000912932 1.49561e-09 0.0242679
4000 50 0.00420145 69 0.000811388 1.27061e-09 0.0285813
4000 50 0.00604572 69 0.000811388 1.27061e-09 0.0194543
4000 50 0.00604726 48 0.000505215 8.57182e-10 0.0294113
4000 50 0.0191286 48 0.000505215 8.57182e-10 0.0372392
4000 100 0.00981905 2736 0.000528358 9.6204e-10 0.137699
4000 100 0.0104745 2736 0.000528358 9.6204e-10 0.064385
4000 100 0.00968821 1381 0.00067612 1.22561e-09 0.0639663
4000 100 0.025746 1381 0.00067612 1.22561e-09 0.0999804
4000 100 0.0091523 695 0.000604584 1.08283e-09 0.0653054
4000 100 0.0163513 695 0.000604584 1.08283e-09 0.0362513
4000 100 0.00945744 360 0.000644011 1.22772e-09 0.0640308
4000 100 0.0183879 360 0.000644011 1.22772e-09 0.0385499
4000 100 0.0115675 250 0.000703234 1.15183e-09 0.0651493
4000 100 0.015466 250 0.000703234 1.15183e-09 0.0404514
4000 100 0.0126162 139 0.000662435 1.2125e-09 0.0654064
4000 100 0.0136977 139 0.000662435 1.2125e-09 0.0373608
4000 100 0.0181484 97 0.000488297 9.51499e-10 0.0726835
4000 100 0.0352945 97 0.000488297 9.51499e-10 0.0612402
4000 200 0.0370586 6060 0.000576789 9.8341e-10 0.317907
4000 200 0.0348319 6060 0.000576789 9.8341e-10 0.184382
4000 200 0.0342042 2990 0.000579684 1.05883e-09 0.184615
4000 200 0.074958 2990 0.000579684 1.05883e-09 0.104553
4000 200 0.0326651 1511 0.00059027 1.12353e-09 0.182079
4000 200 0.0430722 1511 0.00059027 1.12353e-09 0.0730005
4000 200 0.0319649 767 0.000641769 1.18868e-09 0.181076
4000 200 0.0437198 767 0.000641769 1.18868e-09 0.0723459
4000 200 0.0430422 530 0.000608594 1.17041e-09 0.192126
4000 200 0.0454423 530 0.000608594 1.17041e-09 0.0850296
4000 200 0.0472363 297 0.000620013 1.29788e-09 0.192487
4000 200 0.0369656 297 0.000620013 1.29788e-09 0.0723087
4000 200 0.0682891 216 0.000560181 1.10874e-09 0.216653
4000 200 0.0721892 216 0.000560181 1.10874e-09 0.110049
4000 500 0.263752 20078 0.000483594 1.5393e-09 1.12167
4000 500 0.236901 20078 0.000483594 1.5393e-09 1.00342
4000 500 0.252366 10270 0.000405321 1.05029e-09 1.01379
4000 500 0.376144 10270 0.000405321 1.05029e-09 0.441825
4000 500 0.23704 5127 0.000400821 9.74979e-10 0.994989
4000 500 0.280445 5127 0.000400821 9.74979e-10 0.345554
4000 500 0.235263 2584 0.000444732 1.22511e-09 0.992973
4000 500 0.188051 2584 0.000444732 1.22511e-09 0.253848
4000 500 0.33518 1765 0.000395885 1.01094e-09 1.06916
4000 500 0.248736 1765 0.000395885 1.01094e-09 0.336609
4000 500 0.38887 1061 0.000478223 1.47507e-09 1.16765
4000 500 0.196157 1061 0.000478223 1.47507e-09 0.263885
4000 500 0.613669 817 0.000418764 1.74722e-09 1.41736
4000 500 0.300414 817 0.000418764 1.74722e-09 0.377802
4000 750 0.784404 42124 0.000317543 1.25662e-09 2.6391
4000 750 0.711363 42124 0.000317543 1.25662e-09 2.49442
4000 750 0.727968 20907 0.000389796 1.6973e-09 2.50599
4000 750 1.1572 20907 0.000389796 1.6973e-09 1.24875
4000 750 0.698138 10389 0.000302352 1.22342e-09 2.47989
4000 750 0.806767 10389 0.000302352 1.22342e-09 0.893928
4000 750 0.684072 5191 0.000383915 1.70744e-09 2.46779
4000 750 0.548688 5191 0.000383915 1.70744e-09 0.640236
4000 750 0.968244 3567 0.000391902 1.01393e-09 2.79627
4000 750 0.622893 3567 0.000391902 1.01393e-09 0.748643
4000 750 1.19335 2207 0.000394525 2.01653e-09 2.98395
4000 750 0.543806 2207 0.000394525 2.01653e-09 0.642811
4000 750 1.88381 1728 0.000384668 1.99621e-09 3.69783
4000 750 0.745881 1728 0.000384668 1.99621e-09 0.846315
4000 1000 1.87024 76543 0.000426126 3.60285e-09 5.05647
4000 1000 1.69431 76543 0.000426126 3.60285e-09 4.78547
4000 1000 1.76487 38501 0.000333189 2.50971e-09 4.82497
4000 1000 2.51442 38501 0.000333189 2.50971e-09 2.63537
4000 1000 1.70651 19182 0.000283141 1.97151e-09 4.7733
4000 1000 1.96501 19182 0.000283141 1.97151e-09 2.08125
4000 1000 1.65558 9552 0.000317791 2.05774e-09 4.7164
4000 1000 1.40401 9552 0.000317791 2.05774e-09 1.52317
4000 1000 2.37179 6604 0.000396066 2.7092e-09 5.45772
4000 1000 1.35346 6604 0.000396066 2.7092e-09 1.4876
4000 1000 2.96662 4137 0.000299401 1.47351e-09 6.21796
4000 1000 1.23383 4137 0.000299401 1.47351e-09 1.35441
4000 1000 4.5838 3209 0.000293412 2.57916e-09 7.86366
4000 1000 1.5411 3209 0.000293412 2.57916e-09 1.67267
20000 50 0.00332308 1249 0.00326969 1.15311e-09 0.338868
20000 50 0.00365829 1249 0.00326969 1.15311e-09 0.226824
20000 50 0.0032504 644 0.00477631 1.70013e-09 0.225846
20000 50 0.0107167 644 0.00477631 1.70013e-09 0.048189
20000 50 0.00321333 317 0.014838 4.99858e-09 0.222782
20000 50 0.00634471 317 0.014838 4.99858e-09 0.0439441
20000 50 0.00336881 172 0.00430711 1.51601e-09 0.227429
20000 50 0.00543277 172 0.00430711 1.51601e-09 0.0431066
20000 50 0.00409253 121 0.00406683 1.32505e-09 0.224427
20000 50 0.00651309 121 0.00406683 1.32505e-09 0.0464406
20000 50 0.00480131 69 0.0082972 2.84254e-09 0.226594
20000 50 0.0073444 69 0.0082972 2.84254e-09 0.0486859
20000 50 0.00676195 46 0.00517291 1.59675e-09 0.220055
20000 50 0.0196748 46 0.00517291 1.59675e-09 0.0612943
20000 100 0.0103095 2641 0.00301499 1.0589e-09 0.91099
20000 100 0.0107124 2641 0.00301499 1.0589e-09 0.790559
20000 100 0.00980949 1322 0.00423447 1.48041e-09 0.790961
20000 100 0.0262352 1322 0.00423447 1.48041e-09 0.0900944
20000 100 0.00992065 677 0.00272445 9.58063e-10 0.828691
20000 100 0.0167814 677 0.00272445 9.58063e-10 0.0803834
20000 100 0.00982923 349 0.00357165 1.15055e-09 0.785412
20000 100 0.0191675 349 0.00357165 1.15055e-09 0.0852738
20000 100 0.0120574 240 0.0038967 1.29608e-09 0.79293
20000 100 0.0168759 240 0.0038967 1.29608e-09 0.10972
20000 100 0.0130398 130 0.00359325 1.23555e-09 0.781045
20000 100 0.0139149 130 0.00359325 1.23555e-09 0.0878474
20000 100 0.0180766 89 0.00306449 1.13869e-09 0.823567
20000 100 0.0335711 89 0.00306449 1.13869e-09 0.10766
20000 200 0.0345567 5428 0.00405998 1.43427e-09 3.12975
20000 200 0.0336806 5428 0.00405998 1.43427e-09 3.02446
20000 200 0.0332033 2775 0.00362026 1.17554e-09 3.01644
20000 200 0.0714846 2775 0.00362026 1.17554e-09 5.20565
20000 200 0.0324926 1399 0.00204787 7.23895e-10 3.01321
20000 200 0.0418897 1399 0.00204787 7.23895e-10 0.157181
20000 200 0.032487 712 0.00285609 1.00961e-09 2.96712
20000 200 0.0346516 712 0.00285609 1.00961e-09 0.15178
20000 200 0.0425106 490 0.00346286 1.16224e-09 3.01849
20000 200 0.0482161 490 0.00346286 1.16224e-09 0.195947
20000 200 0.0450127 266 0.00347179 1.08319e-09 3.01367
20000 200 0.0328114 266 0.00347179 1.08319e-09 0.161083
20000 200 0.0595239 177 0.00300585 9.84526e-10 3.048
20000 200 0.0608151 177 0.00300585 9.84526e-10 0.196079
20000 500 0.205896 14829 0.00277895 1.0157e-09 0.705189
20000 500 0.192166 14829 0.00277895 1.0157e-09 0.503219
20000 500 0.19808 7318 0.00308554 1.08641e-09 0.492071
20000 500 0.273895 7318 0.00308554 1.08641e-09 0.518734
20000 500 0.186961 3655 0.00346553 1.25197e-09 0.450583
20000 500 0.208696 3655 0.00346553 1.25197e-09 0.458289
20000 500 0.188434 1867 0.00316264 1.14774e-09 0.445914
20000 500 0.17357 1867 0.00316264 1.14774e-09 0.418934
20000 500 0.254563 1279 0.00304173 9.96761e-10 0.510604
20000 500 0.153585 1279 0.00304173 9.96761e-10 0.417823
20000 500 0.276428 695 0.00286051 1.07372e-09 0.538803
20000 500 0.127481 695 0.00286051 1.07372e-09 0.381946
20000 500 0.380765 481 0.00387034 1.30569e-09 0.637448
20000 500 0.20475 481 0.00387034 1.30569e-09 0.490465
20000 750 0.534451 23069 0.00292886 1.11205e-09 1.14656
20000 750 0.445286 23069 0.00292886 1.11205e-09 0.90337
20000 750 0.440276 11545 0.002977 1.10286e-09 0.8605
20000 750 0.655702 11545 0.002977 1.10286e-09 1.04609
20000 750 0.42782 5735 0.0030674 1.09667e-09 0.837475
20000 750 0.518739 5735 0.0030674 1.09667e-09 0.9042
20000 750 0.42305 2946 0.00280462 1.01206e-09 0.795018
20000 750 0.365051 2946 0.00280462 1.01206e-09 0.736193
20000 750 0.574077 1986 0.00304254 1.00798e-09 0.942732
20000 750 0.388262 1986 0.00304254 1.00798e-09 0.762537
20000 750 0.643083 1117 0.0042104 1.64154e-09 1.015
20000 750 0.286511 1117 0.0042104 1.64154e-09 0.656443
20000 750 0.895634 781 0.00242663 1.10413e-09 1.2706
20000 750 0.352276 781 0.00242663 1.10413e-09 0.737238
20000 1000 0.829782 31889 0.00332904 1.2456e-09 1.63192
20000 1000 0.752405 31889 0.00332904 1.2456e-09 1.31034
20000 1000 0.78573 16093 0.00252523 9.94416e-10 1.31869
20000 1000 1.07786 16093 0.00252523 9.94416e-10 1.58418
20000 1000 0.837056 8078 0.00273941 1.05322e-09 1.33535
20000 1000 0.90066 8078 0.00273941 1.05322e-09 1.37484
20000 1000 0.759909 4087 0.00278782 1.1072e-09 1.26301
20000 1000 0.633181 4087 0.00278782 1.1072e-09 1.12595
20000 1000 1.04251 2762 0.00277296 1.10457e-09 1.53188
20000 1000 0.629567 2762 0.00277296 1.10457e-09 1.12042
20000 1000 1.18037 1565 0.00309367 1.3014e-09 1.68579
20000 1000 0.471236 1565 0.00309367 1.3014e-09 0.977961
20000 1000 1.69665 1133 0.00296636 1.41785e-09 2.20043
20000 1000 0.555624 1133 0.00296636 1.41785e-09 1.07027
20000 2000 3.87728 77577 0.0024633 1.26378e-09 5.10296
20000 2000 3.48934 77577 0.0024633 1.26378e-09 4.57294
20000 2000 3.68134 39175 0.00211267 1.0207e-09 4.70804
20000 2000 4.84828 39175 0.00211267 1.0207e-09 5.79857
20000 2000 3.55645 19570 0.00242697 1.07559e-09 4.51812
20000 2000 3.11372 19570 0.00242697 1.07559e-09 3.99615
20000 2000 3.51999 9869 0.00239328 1.13345e-09 4.4899
20000 2000 2.23642 9869 0.00239328 1.13345e-09 3.19475
20000 2000 4.90646 6656 0.00234716 1.16451e-09 5.87583
20000 2000 2.56594 6656 0.00234716 1.16451e-09 3.50745
20000 2000 5.81233 3966 0.00207267 1.15911e-09 6.78097
20000 2000 1.98018 3966 0.00207267 1.15911e-09 2.90326
20000 2000 8.92833 3054 0.0030364 2.11631e-09 9.90026
20000 2000 2.11778 3054 0.0030364 2.11631e-09 3.07237
20000 4000 26.936 253087 0.00178905 1.90959e-09 29.5805
20000 4000 22.1609 253087 0.00178905 1.90959e-09 24.2308
20000 4000 23.2328 126368 0.00141783 1.32593e-09 25.1713
20000 4000 27.1389 126368 0.00141783 1.32593e-09 28.9896
20000 4000 22.7218 63993 0.00137282 1.24175e-09 24.621
20000 4000 20.8956 63993 0.00137282 1.24175e-09 22.712
20000 4000 22.2608 31821 0.00137952 1.20721e-09 24.1856
20000 4000 13.5445 31821 0.00137952 1.20721e-09 15.4762
20000 4000 31.0823 21417 0.00162074 1.58029e-09 32.968
20000 4000 14.8256 21417 0.00162074 1.58029e-09 16.7462
20000 4000 38.5516 13353 0.00142576 1.46482e-09 40.4448
20000 4000 11.8984 13353 0.00142576 1.46482e-09 13.7204
20000 4000 60.6069 10527 0.00165151 2.36793e-09 62.5005
20000 4000 12.4546 10527 0.00165151 2.36793e-09 14.4053
40000 50 0.00364994 1266 0.0143324 2.43352e-09 0.832573
40000 50 0.00408467 1266 0.0143324 2.43352e-09 0.771352
40000 50 0.00351233 639 0.0104487 1.82429e-09 0.753986
40000 50 0.0111599 639 0.0104487 1.82429e-09 0.077491
40000 50 0.00353263 327 0.0089522 1.44837e-09 0.742568
40000 50 0.00662114 327 0.0089522 1.44837e-09 0.0745024
40000 50 0.00356322 171 0.0115713 1.97095e-09 0.735883
40000 50 0.0109994 171 0.0115713 1.97095e-09 0.0785157
40000 50 0.00424169 121 0.0057394 9.80887e-10 0.756275
40000 50 0.00659785 121 0.0057394 9.80887e-10 0.101633
40000 50 0.00488094 68 0.00895456 1.55884e-09 0.758534
40000 50 0.00598807 68 0.00895456 1.55884e-09 0.0740441
40000 50 0.00692947 46 0.0128577 2.22465e-09 0.767444
40000 50 0.0181473 46 0.0128577 2.22465e-09 0.0911463
40000 100 0.0111647 2590 0.00647444 1.12671e-09 3.00952
40000 100 0.0114921 2590 0.00647444 1.12671e-09 2.91483
40000 100 0.0108088 1316 0.0058276 9.91228e-10 2.92771
40000 100 0.0266227 1316 0.0058276 9.91228e-10 0.146641
40000 100 0.0106718 669 0.00648174 1.11045e-09 2.93216
40000 100 0.0167329 669 0.00648174 1.11045e-09 0.132114
40000 100 0.0105494 339 0.00849309 1.4871e-09 2.92203
40000 100 0.0127916 339 0.00849309 1.4871e-09 0.136002
40000 100 0.0126811 235 0.00685838 1.18277e-09 2.92378
40000 100 0.0158593 235 0.00685838 1.18277e-09 0.156908
40000 100 0.0142644 132 0.00657274 1.1135e-09 2.92649
40000 100 0.0132068 132 0.00657274 1.1135e-09 0.143621
40000 100 0.018781 86 0.0060032 1.03897e-09 2.83332
40000 100 0.0322226 86 0.0060032 1.03897e-09 0.17498
40000 200 0.0398875 5463 0.00708157 1.11674e-09 10.102
40000 200 0.0377535 5463 0.00708157 1.11674e-09 11.623
40000 200 0.0362176 2722 0.00743339 1.25414e-09 11.6446
40000 200 0.0719562 2722 0.00743339 1.25414e-09 15.4737
40000 200 0.0359471 1383 0.00606086 1.07336e-09 11.2957
40000 200 0.0645729 1383 0.00606086 1.07336e-09 0.289499
40000 200 0.0353657 700 0.00699802 1.15198e-09 11.6485
40000 200 0.0463213 700 0.00699802 1.15198e-09 0.265271
40000 200 0.0459983 483 0.00927302 1.25202e-09 11.6022
40000 200 0.0338833 483 0.00927302 1.25202e-09 0.295155
40000 200 0.0488464 264 0.00714253 1.27415e-09 11.6628
40000 200 0.0318836 264 0.00714253 1.27415e-09 0.281796
40000 200 0.0654142 176 0.0106917 1.76729e-09 11.6653
40000 200 0.0634687 176 0.0106917 1.76729e-09 0.324054
40000 500 0.212455 14371 0.00777731 1.12535e-09 0.956067
40000 500 0.20302 14371 0.00777731 1.12535e-09 0.796804
40000 500 0.207423 7214 0.0060089 1.05685e-09 0.762599
40000 500 0.292144 7214 0.0060089 1.05685e-09 0.798034
40000 500 0.194925 3593 0.00683379 1.2319e-09 0.71478
40000 500 0.233507 3593 0.00683379 1.2319e-09 0.737209
40000 500 0.196709 1838 0.00741231 1.26514e-09 0.71658
40000 500 0.181039 1838 0.00741231 1.26514e-09 0.696306
40000 500 0.262467 1251 0.00804995 1.20149e-09 0.795856
40000 500 0.174489 1251 0.00804995 1.20149e-09 0.701111
40000 500 0.297505 671 0.00636668 1.13127e-09 0.853963
40000 500 0.12575 671 0.00636668 1.13127e-09 0.646123
40000 500 0.378618 451 0.00638457 1.16359e-09 0.906763
40000 500 0.173876 451 0.00638457 1.16359e-09 0.698564
40000 750 0.450498 22123 0.00605747 1.09467e-09 1.39486
40000 750 0.421078 22123 0.00605747 1.09467e-09 1.25667
40000 750 0.431601 11071 0.00579765 1.05041e-09 1.22501
40000 750 0.62071 11071 0.00579765 1.05041e-09 1.32876
40000 750 0.420044 5552 0.00646361 1.13993e-09 1.14096
40000 750 0.449622 5552 0.00646361 1.13993e-09 1.14749
40000 750 0.421516 2830 0.00589684 1.07565e-09 1.14526
40000 750 0.394731 2830 0.00589684 1.07565e-09 1.1072
40000 750 0.568922 1915 0.00617436 1.12294e-09 1.292
40000 750 0.364257 1915 0.00617436 1.12294e-09 1.11146
40000 750 0.619273 1038 0.00766509 1.14314e-09 1.33417
40000 750 0.256489 1038 0.00766509 1.14314e-09 0.962181
40000 750 0.83282 702 0.00584103 1.08895e-09 1.54883
40000 750 0.309383 702 0.00584103 1.08895e-09 1.08537
40000 1000 0.797799 30259 0.00636767 1.08658e-09 1.91144
40000 1000 0.734178 30259 0.00636767 1.08658e-09 1.80794
40000 1000 0.758931 15181 0.00572521 9.84321e-10 1.77669
40000 1000 1.02604 15181 0.00572521 9.84321e-10 1.979
40000 1000 0.737777 7620 0.00553803 9.80218e-10 1.7235
40000 1000 0.843639 7620 0.00553803 9.80218e-10 1.74903
40000 1000 0.732202 3845 0.00575217 1.01873e-09 1.69304
40000 1000 0.62781 3845 0.00575217 1.01873e-09 1.59005
40000 1000 1.00428 2611 0.00562657 1.03983e-09 1.96653
40000 1000 0.64084 2611 0.00562657 1.03983e-09 1.57718
40000 1000 1.09647 1418 0.00586752 1.08623e-09 2.06042
40000 1000 0.434 1418 0.00586752 1.08623e-09 1.36506
40000 1000 1.50336 987 0.00538047 1.09491e-09 2.46662
40000 1000 0.502358 987 0.00538047 1.09491e-09 1.52319
40000 2000 3.35393 65317 0.00599591 1.03716e-09 5.94577
40000 2000 2.98034 65317 0.00599591 1.03716e-09 5.04174
40000 2000 3.13497 33066 0.00534159 1.01339e-09 5.06931
40000 2000 4.04667 33066 0.00534159 1.01339e-09 5.84096
40000 2000 3.03689 16517 0.00521528 9.96142e-10 4.92511
40000 2000 2.84307 16517 0.00521528 9.96142e-10 4.57599
40000 2000 3.28894 8356 0.00535251 1.05766e-09 5.24359
40000 2000 1.9966 8356 0.00535251 1.05766e-09 3.87508
40000 2000 4.20596 5654 0.00529403 1.02075e-09 6.09249
40000 2000 2.27619 5654 0.00529403 1.02075e-09 4.15847
40000 2000 4.68303 3159 0.00497309 1.02166e-09 6.55491
40000 2000 1.57231 3159 0.00497309 1.02166e-09 3.3771
40000 2000 6.81275 2312 0.00435691 1.00935e-09 8.69201
40000 2000 1.65535 2312 0.00435691 1.00935e-09 3.58058
40000 4000 16.9603 158966 0.00447232 1.10178e-09 20.9953
40000 4000 14.0147 158966 0.00447232 1.10178e-09 17.9708
40000 4000 15.1052 80255 0.00468309 1.1132e-09 18.9795
40000 4000 17.8619 80255 0.00468309 1.1132e-09 21.4525
40000 4000 14.4243 40189 0.00451141 1.11035e-09 18.1143
40000 4000 11.9122 40189 0.00451141 1.11035e-09 15.5596
40000 4000 14.35 20382 0.00454462 1.11892e-09 18.0399
40000 4000 7.60624 20382 0.00454462 1.11892e-09 11.2395
40000 4000 19.8946 13638 0.00580932 1.14482e-09 23.5932
40000 4000 9.69074 13638 0.00580932 1.14482e-09 13.4206
40000 4000 23.4497 8090 0.0046145 1.25647e-09 27.1293
40000 4000 7.20762 8090 0.0046145 1.25647e-09 10.8422
40000 4000 36.1515 6250 0.00433229 1.66237e-09 39.8305
40000 4000 7.51337 6250 0.00433229 1.66237e-09 11.2185
40000 10000 214.698 836419 0.00254306 1.71342e-09 224.614
40000 10000 181.037 836419 0.00254306 1.71342e-09 190.954
40000 10000 196.309 416164 0.00269116 1.88409e-09 205.804
40000 10000 238.55 416164 0.00269116 1.88409e-09 247.254
40000 10000 185.959 209061 0.00269287 1.91364e-09 195.359
40000 10000 161.982 209061 0.00269287 1.91364e-09 170.82
40000 10000 183.477 106083 0.00267712 1.57479e-09 193.007
40000 10000 110.076 106083 0.00267712 1.57479e-09 119.578
40000 10000 258.305 70706 0.00232462 1.47998e-09 268.076
40000 10000 120.519 70706 0.00232462 1.47998e-09 130.137
40000 10000 315.182 43914 0.00238663 1.83476e-09 325.059
40000 10000 95.0083 43914 0.00238663 1.83476e-09 104.279
40000 10000 510.026 35664 0.00203512 1.77314e-09 519.245
40000 10000 97.2152 35664 0.00203512 1.77314e-09 106.775
80000 50 0.00441241 1271 0.0161229 1.40146e-09 3.07253
80000 50 0.00488481 1271 0.0161229 1.40146e-09 3.05759
80000 50 0.0040937 637 0.0146336 1.27768e-09 3.17709
80000 50 0.0108077 637 0.0146336 1.27768e-09 5.36394
80000 50 0.00421072 322 0.0217015 1.86808e-09 3.1702
80000 50 0.00706531 322 0.0217015 1.86808e-09 0.127936
80000 50 0.00443824 175 0.0136624 1.17729e-09 3.17668
80000 50 0.00711295 175 0.0136624 1.17729e-09 0.136535
80000 50 0.00486704 116 0.0146874 1.13557e-09 3.166
80000 50 0.00740769 116 0.0146874 1.13557e-09 0.156892
80000 50 0.00564361 67 0.0199095 1.74007e-09 3.17393
80000 50 0.00608908 67 0.0199095 1.74007e-09 0.138088
80000 50 0.00791585 45 0.01915 1.67361e-09 3.04068
80000 50 0.0185876 45 0.01915 1.67361e-09 0.155913
80000 100 0.0131743 2627 0.0145712 1.26191e-09 11.6565
80000 100 0.0136803 2627 0.0145712 1.26191e-09 11.8576
80000 100 0.0124621 1308 0.0111353 9.59307e-10 11.7425
80000 100 0.0277672 1308 0.0111353 9.59307e-10 20.3366
80000 100 0.0127269 673 0.0176347 1.56477e-09 11.8245
80000 100 0.0242453 673 0.0176347 1.56477e-09 0.253041
80000 100 0.0124381 339 0.0140447 1.19536e-09 11.951
80000 100 0.0213838 339 0.0140447 1.19536e-09 0.273368
80000 100 0.0145438 237 0.0127994 1.10135e-09 11.8927
80000 100 0.0145539 237 0.0127994 1.10135e-09 0.267889
80000 100 0.0161741 130 0.014417 1.25118e-09 12.0152
80000 100 0.0142649 130 0.014417 1.25118e-09 0.262951
80000 100 0.0220802 88 0.0185878 1.6458e-09 11.615
80000 100 0.0359308 88 0.0185878 1.6458e-09 0.299181
80000 200 0.0420225 5377 0.0132127 1.16409e-09 0.640087
80000 200 0.0412286 5377 0.0132127 1.16409e-09 0.497463
80000 200 0.0404606 2727 0.0130843 1.15611e-09 0.476167
80000 200 0.0779549 2727 0.0130843 1.15611e-09 0.491526
80000 200 0.0399494 1379 0.016055 1.2972e-09 0.46619
80000 200 0.0627378 1379 0.016055 1.2972e-09 0.454202
80000 200 0.0396406 700 0.0127148 1.07518e-09 0.446085
80000 200 0.0508392 700 0.0127148 1.07518e-09 0.45555
80000 200 0.0495879 480 0.0143829 1.09158e-09 0.462372
80000 200 0.0502774 480 0.0143829 1.09158e-09 0.452847
80000 200 0.0535974 260 0.0171229 1.18091e-09 0.466532
80000 200 0.0378283 260 0.0171229 1.18091e-09 0.436688
80000 200 0.0698766 171 0.0115123 9.17913e-10 0.481862
80000 200 0.0661951 171 0.0115123 9.17913e-10 0.490407
80000 500 0.220809 14172 0.0125702 1.09676e-09 1.47887
80000 500 0.207655 14172 0.0125702 1.09676e-09 1.33066
80000 500 0.211665 7092 0.0122671 1.08951e-09 1.2875
80000 500 0.281731 7092 0.0122671 1.08951e-09 1.21
80000 500 0.206898 3595 0.0116565 1.00347e-09 1.16368
80000 500 0.222303 3595 0.0116565 1.00347e-09 1.13311
80000 500 0.206452 1822 0.0130495 1.03107e-09 1.16459
80000 500 0.170127 1822 0.0130495 1.03107e-09 1.12555
80000 500 0.266824 1231 0.0130112 1.13243e-09 1.21273
80000 500 0.166173 1231 0.0130112 1.13243e-09 1.14232
80000 500 0.294319 667 0.0117816 1.05088e-09 1.25109
80000 500 0.126185 667 0.0117816 1.05088e-09 1.05751
80000 500 0.385161 436 0.0130218 1.11487e-09 1.34382
80000 500 0.182936 436 0.0130218 1.11487e-09 1.13905
80000 750 0.525362 21649 0.0124298 1.01936e-09 2.25728
80000 750 0.430804 21649 0.0124298 1.01936e-09 2.0795
80000 750 0.436158 10829 0.0124144 1.10212e-09 1.96718
80000 750 0.628639 10829 0.0124144 1.10212e-09 2.03518
80000 750 0.432193 5491 0.0123994 1.09915e-09 1.86984
80000 750 0.462968 5491 0.0123994 1.09915e-09 1.87204
80000 750 0.43333 2765 0.0111891 9.9483e-10 1.86817
80000 750 0.333492 2765 0.0111891 9.9483e-10 1.74505
80000 750 0.577901 1875 0.0116963 9.42477e-10 2.01282
80000 750 0.346969 1875 0.0116963 9.42477e-10 1.7429
80000 750 0.625059 1012 0.0140467 1.22893e-09 2.07497
80000 750 0.250457 1012 0.0140467 1.22893e-09 1.61699
80000 750 0.83159 675 0.0116604 1.04784e-09 2.27031
80000 750 0.304714 675 0.0116604 1.04784e-09 1.73625
80000 1000 0.811578 29303 0.0118306 1.05181e-09 2.97186
80000 1000 0.734849 29303 0.0118306 1.05181e-09 2.79076
80000 1000 0.755542 14724 0.0130163 1.145e-09 2.74891
80000 1000 1.05808 14724 0.0130163 1.145e-09 2.86569
80000 1000 0.753236 7448 0.0127346 1.1373e-09 2.65431
80000 1000 0.760997 7448 0.0127346 1.1373e-09 2.56097
80000 1000 0.74244 3766 0.0126014 1.12195e-09 2.65047
80000 1000 0.726338 3766 0.0126014 1.12195e-09 2.57428
80000 1000 0.995674 2527 0.0129102 1.13443e-09 2.92793
80000 1000 0.579113 2527 0.0129102 1.13443e-09 2.43785
80000 1000 1.09529 1379 0.0109652 9.60312e-10 3.04113
80000 1000 0.423038 1379 0.0109652 9.60312e-10 2.30913
80000 1000 1.43212 915 0.0140646 1.23339e-09 3.37033
80000 1000 0.462496 915 0.0140646 1.23339e-09 2.42169
80000 2000 3.46741 62350 0.0107983 9.74189e-10 7.79776
80000 2000 2.92376 62350 0.0107983 9.74189e-10 7.04614
80000 2000 3.07817 31066 0.0113177 9.88017e-10 6.99199
80000 2000 3.88265 31066 0.0113177 9.88017e-10 7.42949
80000 2000 2.92801 15633 0.0116353 1.04578e-09 6.65743
80000 2000 2.58977 15633 0.0116353 1.04578e-09 6.12639
80000 2000 2.90927 7872 0.0130779 1.02546e-09 6.62185
80000 2000 2.0105 7872 0.0130779 1.02546e-09 5.64083
80000 2000 4.02566 5332 0.0109584 1.00741e-09 7.69737
80000 2000 2.0235 5332 0.0109584 1.00741e-09 5.7024
80000 2000 4.38304 2922 0.0136941 1.25624e-09 8.08158
80000 2000 1.47135 2922 0.0136941 1.25624e-09 5.1257
80000 2000 5.93664 1988 0.0135471 1.21376e-09 9.6197
80000 2000 1.447 1988 0.0135471 1.21376e-09 5.27331
80000 4000 13.9907 134896 0.0105279 1.02759e-09 21.9661
80000 4000 12.0651 134896 0.0105279 1.02759e-09 19.9256
80000 4000 12.691 67776 0.0108549 1.01292e-09 20.1403
80000 4000 14.8088 67776 0.0108549 1.01292e-09 21.8493
80000 4000 13.4836 34088 0.0114341 9.66833e-10 20.8727
80000 4000 11.5785 34088 0.0114341 9.66833e-10 18.514
80000 4000 12.1908 17134 0.0104165 1.01058e-09 19.5517
80000 4000 7.09101 17134 0.0104165 1.01058e-09 14.1149
80000 4000 16.9828 11549 0.0100698 9.84257e-10 24.3834
80000 4000 7.54363 11549 0.0100698 9.84257e-10 15.0411
80000 4000 18.8923 6480 0.010554 1.08357e-09 26.2769
80000 4000 5.80054 6480 0.010554 1.08357e-09 13.1773
80000 4000 27.4768 4718 0.0103675 1.29146e-09 34.819
80000 4000 5.70583 4718 0.0103675 1.29146e-09 13.3992
80000 10000 113.76 459214 0.00778634 1.13627e-09 142.124
80000 10000 99.7281 459214 0.00778634 1.13627e-09 118.953
80000 10000 106.827 229101 0.0080464 1.19105e-09 124.882
80000 10000 131.02 229101 0.0080464 1.19105e-09 148.827
80000 10000 105.775 115114 0.00813281 1.22903e-09 125.031
80000 10000 93.551 115114 0.00813281 1.22903e-09 110.827
80000 10000 101.786 58221 0.00805664 1.14419e-09 119.973
80000 10000 61.3381 58221 0.00805664 1.14419e-09 79.5666
80000 10000 141.206 39012 0.00765338 1.09665e-09 159.4
80000 10000 61.3589 39012 0.00765338 1.09665e-09 79.8595
80000 10000 169.541 23565 0.0073599 1.19591e-09 187.732
80000 10000 50.984 23565 0.0073599 1.19591e-09 69.264
80000 10000 265.591 18526 0.00918038 1.53984e-09 283.982
80000 10000 50.4118 18526 0.00918038 1.53984e-09 69.7233
160000 50 0.00530164 1252 0.0365662 1.55772e-09 9.96962
160000 50 0.0057799 1252 0.0365662 1.55772e-09 10.5667
160000 50 0.00504938 621 0.0351453 1.54519e-09 11.1868
160000 50 0.0102632 621 0.0351453 1.54519e-09 0.234969
160000 50 0.00516275 323 0.0390102 1.69972e-09 11.2385
160000 50 0.00706634 323 0.0390102 1.69972e-09 0.241299
160000 50 0.00530262 169 0.0419891 1.57308e-09 11.208
160000 50 0.00780049 169 0.0419891 1.57308e-09 0.251999
160000 50 0.00598434 117 0.0330608 1.44312e-09 11.6097
160000 50 0.00843775 117 0.0330608 1.44312e-09 0.267261
160000 50 0.00702339 68 0.05651 2.18677e-09 10.3955
160000 50 0.00601284 68 0.05651 2.18677e-09 0.254868
160000 50 0.00964726 46 0.0411171 1.47451e-09 11.036
160000 50 0.020436 46 0.0411171 1.47451e-09 0.286304
160000 100 0.0152938 2637 0.0255795 1.11375e-09 1.0071
160000 100 0.0157717 2637 0.0255795 1.11375e-09 0.479277
160000 100 0.0147411 1326 0.0355905 1.47382e-09 0.455281
160000 100 0.0289026 1326 0.0355905 1.47382e-09 0.423902
160000 100 0.0144898 666 0.0298318 1.28456e-09 0.431029
160000 100 0.0279018 666 0.0298318 1.28456e-09 0.409257
160000 100 0.0142286 347 0.0322161 1.29623e-09 0.426977
160000 100 0.019978 347 0.0322161 1.29623e-09 0.430545
160000 100 0.0170912 238 0.0249308 1.08549e-09 0.433172
160000 100 0.0196609 238 0.0249308 1.08549e-09 0.442754
160000 100 0.0187982 131 0.0285843 1.22208e-09 0.429144
160000 100 0.013015 131 0.0285843 1.22208e-09 0.396201
160000 100 0.0253225 88 0.0337923 1.47015e-09 0.43154
160000 100 0.0385311 88 0.0337923 1.47015e-09 0.448302
160000 200 0.0467218 5409 0.0237066 9.78544e-10 1.67004
160000 200 0.0461267 5409 0.0237066 9.78544e-10 0.934475
160000 200 0.0447243 2711 0.0239724 1.03358e-09 0.901939
160000 200 0.0768127 2711 0.0239724 1.03358e-09 0.845691
160000 200 0.0434694 1351 0.0287041 1.25694e-09 0.833576
160000 200 0.060633 1351 0.0287041 1.25694e-09 0.811723
160000 200 0.0459275 709 0.026756 1.17673e-09 0.859093
160000 200 0.0464486 709 0.026756 1.17673e-09 0.827342
160000 200 0.0542959 476 0.0242108 1.04187e-09 0.853886
160000 200 0.0434461 476 0.0242108 1.04187e-09 0.806947
160000 200 0.0583979 259 0.029055 1.24322e-09 0.848886
160000 200 0.0310694 259 0.029055 1.24322e-09 0.777717
160000 200 0.0773486 170 0.0302021 1.32083e-09 0.880789
160000 200 0.0667865 170 0.0302021 1.32083e-09 0.854526
160000 500 0.237296 14101 0.0256375 1.11693e-09 2.38077
160000 500 0.220751 14101 0.0256375 1.11693e-09 2.33581
160000 500 0.220294 7037 0.0277542 1.02298e-09 2.16882
160000 500 0.288935 7037 0.0277542 1.02298e-09 2.07107
160000 500 0.217772 3558 0.0261296 1.13633e-09 2.08922
160000 500 0.224193 3558 0.0261296 1.13633e-09 1.99366
160000 500 0.217366 1806 0.0226034 9.77637e-10 2.06028
160000 500 0.200438 1806 0.0226034 9.77637e-10 2.06534
160000 500 0.282739 1230 0.0287385 1.16302e-09 2.12156
160000 500 0.179717 1230 0.0287385 1.16302e-09 2.04221
160000 500 0.303408 662 0.0256623 1.10273e-09 2.16108
160000 500 0.125448 662 0.0256623 1.10273e-09 1.96428
160000 500 0.405283 436 0.0369813 1.50247e-09 2.27727
160000 500 0.180034 436 0.0369813 1.50247e-09 2.0617
160000 750 0.53147 21400 0.0273828 1.19054e-09 3.97995
160000 750 0.456082 21400 0.0273828 1.19054e-09 3.56043
160000 750 0.46693 10886 0.0243006 1.04596e-09 3.40906
160000 750 0.631843 10886 0.0243006 1.04596e-09 3.30519
160000 750 0.445976 5413 0.0252625 1.03456e-09 3.24544
160000 750 0.432712 5413 0.0252625 1.03456e-09 3.09205
160000 750 0.44677 2737 0.0257942 1.1237e-09 3.23931
160000 750 0.356075 2737 0.0257942 1.1237e-09 3.14458
160000 750 0.594389 1884 0.0299118 1.04712e-09 3.38106
160000 750 0.352438 1884 0.0299118 1.04712e-09 3.11558
160000 750 0.634021 1002 0.0236113 1.00395e-09 3.4227
160000 750 0.250713 1002 0.0236113 1.00395e-09 2.95041
160000 750 0.843383 662 0.026229 1.11745e-09 3.64941
160000 750 0.293745 662 0.026229 1.11745e-09 3.18896
160000 1000 0.897405 29216 0.0253517 1.10172e-09 5.02062
160000 1000 0.768046 29216 0.0253517 1.10172e-09 4.71517
160000 1000 0.771183 14431 0.0231801 1.01675e-09 4.54715
160000 1000 1.03585 14431 0.0231801 1.01675e-09 4.62326
160000 1000 0.761079 7281 0.0261319 1.15019e-09 4.40501
160000 1000 0.778861 7281 0.0261319 1.15019e-09 4.35773
160000 1000 0.773687 3716 0.0247727 1.0785e-09 4.42432
160000 1000 0.56353 3716 0.0247727 1.0785e-09 4.29316
160000 1000 1.03321 2529 0.0266702 1.07159e-09 4.68949
160000 1000 0.600564 2529 0.0266702 1.07159e-09 4.43272
160000 1000 1.10475 1349 0.0251582 1.09743e-09 4.78063
160000 1000 0.415044 1349 0.0251582 1.09743e-09 4.03512
160000 1000 1.45864 899 0.0283207 1.20182e-09 5.1525
160000 1000 0.450477 899 0.0283207 1.20182e-09 4.30811
160000 2000 3.30268 60487 0.0252402 1.04672e-09 11.3604
160000 2000 2.85638 60487 0.0252402 1.04672e-09 10.6322
160000 2000 3.06751 30301 0.0238693 1.06542e-09 10.6045
160000 2000 3.62954 30301 0.0238693 1.06542e-09 10.6235
160000 2000 2.9285 15313 0.025923 1.08687e-09 10.264
160000 2000 2.50296 15313 0.025923 1.08687e-09 9.55053
160000 2000 2.90473 7690 0.0253047 1.04642e-09 10.3116
160000 2000 1.5765 7690 0.0253047 1.04642e-09 8.842
160000 2000 3.98503 5207 0.0249249 9.60829e-10 11.3131
160000 2000 2.07729 5207 0.0249249 9.60829e-10 9.44585
160000 2000 4.25758 2802 0.0247893 1.12173e-09 11.5849
160000 2000 1.41189 2802 0.0247893 1.12173e-09 8.67854
160000 2000 5.66457 1875 0.0317951 1.48955e-09 13.0459
160000 2000 1.34588 1875 0.0317951 1.48955e-09 9.07591
160000 4000 13.3906 127419 0.0237823 1.05551e-09 28.6868
160000 4000 11.5119 127419 0.0237823 1.05551e-09 27.1844
160000 4000 12.2893 63452 0.0241894 1.10035e-09 27.1325
160000 4000 13.9792 63452 0.0241894 1.10035e-09 27.9433
160000 4000 11.8166 31975 0.022393 1.01486e-09 26.6039
160000 4000 9.0736 31975 0.022393 1.01486e-09 22.9472
160000 4000 11.7092 16162 0.0220786 1.01515e-09 26.4482
160000 4000 6.70541 16162 0.0220786 1.01515e-09 21.2268
160000 4000 16.2049 10920 0.0232967 1.03654e-09 30.9628
160000 4000 6.91782 10920 0.0232967 1.03654e-09 21.6702
160000 4000 17.4389 5920 0.0226936 1.0069e-09 32.1239
160000 4000 5.32767 5920 0.0226936 1.0069e-09 19.919
160000 4000 24.2025 4146 0.0257077 1.32884e-09 38.9404
160000 4000 5.01971 4146 0.0257077 1.32884e-09 19.9874
160000 10000 95.3069 359266 0.0210137 1.05102e-09 134.434
160000 10000 78.6154 359266 0.0210137 1.05102e-09 118.005
160000 10000 88.0795 180576 0.0195351 9.99976e-10 126.175
160000 10000 106.374 180576 0.0195351 9.99976e-10 141.825
160000 10000 86.8207 90879 0.0201274 1.01496e-09 125.013
160000 10000 74.8655 90879 0.0201274 1.01496e-09 110.249
160000 10000 80.5851 45748 0.0197368 1.01744e-09 118.589
160000 10000 50.3128 45748 0.0197368 1.01744e-09 86.8503
160000 10000 112.871 30927 0.0215904 1.05995e-09 149.821
160000 10000 50.8744 30927 0.0215904 1.05995e-09 88.3634
160000 10000 128.094 17724 0.0230309 1.21241e-09 165.465
160000 10000 38.6156 17724 0.0230309 1.21241e-09 76.6615
160000 10000 190.031 13197 0.0176624 1.2319e-09 226.634
160000 10000 36.1603 13197 0.0176624 1.2319e-09 74.2336
