4000 1000 1.29487 15309 0.00042509 3.60055e-09 4.62271
4000 1000 1.21331 15309 0.00042509 3.60055e-09 4.33984
4000 1000 2.51341 14667 0.000510953 5.14306e-09 5.63597
4000 1000 1.82802 14667 0.000510953 5.14306e-09 1.95256
4000 1000 4.83849 14375 0.000729442 7.79124e-09 8.03421
4000 1000 2.26136 14375 0.000729442 7.79124e-09 2.38317
4000 1000 9.32615 14230 0.000789548 8.48835e-09 12.6023
4000 1000 2.97429 14230 0.000789548 8.48835e-09 3.09324
4000 1000 15.2461 14249 0.000806088 8.67325e-09 18.2102
4000 1000 4.08702 14249 0.000806088 8.67325e-09 4.23757
4000 1000 30.9651 14271 0.000882057 9.51216e-09 34.0745
4000 1000 5.15938 14271 0.000882057 9.51216e-09 5.2901
4000 1000 60.7028 14427 0.000900302 9.68438e-09 63.8137
4000 1000 7.27467 14427 0.000900302 9.68438e-09 7.40343
4000 1000 1.16915 7654 0.000424907 3.60432e-09 4.31886
4000 1000 1.12704 7654 0.000424907 3.60432e-09 4.32238
4000 1000 2.26123 7332 0.000517191 5.16231e-09 5.44079
4000 1000 1.43909 7332 0.000517191 5.16231e-09 1.55634
4000 1000 4.42165 7202 0.000730673 7.79039e-09 7.52031
4000 1000 1.71035 7202 0.000730673 7.79039e-09 1.83069
4000 1000 8.60159 7160 0.00078626 8.45865e-09 11.8143
4000 1000 2.12028 7160 0.00078626 8.45865e-09 2.23799
4000 1000 13.4033 7185 0.00079862 8.58177e-09 16.5237
4000 1000 2.6654 7185 0.00079862 8.58177e-09 2.81878
4000 1000 26.8174 7250 0.000881878 9.50724e-09 29.8463
4000 1000 3.19831 7250 0.000881878 9.50724e-09 3.32413
4000 1000 54.6336 7441 0.000901249 9.67277e-09 57.8319
4000 1000 4.34772 7441 0.000901249 9.67277e-09 4.47735
4000 1000 1.05872 766 0.000415928 3.54068e-09 4.27943
4000 1000 1.07914 766 0.000415928 3.54068e-09 4.18783
4000 1000 2.03692 744 0.000509013 5.11794e-09 5.21309
4000 1000 1.11834 744 0.000509013 5.11794e-09 1.24856
4000 1000 4.04742 748 0.000734955 7.83031e-09 7.20852
4000 1000 1.19721 748 0.000734955 7.83031e-09 1.3233
4000 1000 8.23273 774 0.000798415 8.51138e-09 11.3673
4000 1000 1.35547 774 0.000798415 8.51138e-09 1.4758
4000 1000 13.1634 817 0.000788403 8.34357e-09 16.3001
4000 1000 1.55436 817 0.000788403 8.34357e-09 1.73501
4000 1000 30.693 929 0.000914596 9.50935e-09 33.8475
4000 1000 1.75571 929 0.000914596 9.50935e-09 1.88289
4000 1000 75.4037 1184 0.00098054 9.70717e-09 78.5256
4000 1000 2.43316 1184 0.00098054 9.70717e-09 2.56283
4000 1000 1.04453 153 0.000435046 3.65095e-09 4.20082
4000 1000 1.06314 153 0.000435046 3.65095e-09 4.25591
4000 1000 2.13802 158 0.000489215 4.81765e-09 5.28111
4000 1000 1.10565 158 0.000489215 4.81765e-09 6.40889
4000 1000 4.63011 173 0.000817257 8.39991e-09 7.73441
4000 1000 1.29417 173 0.000817257 8.39991e-09 1.40916
4000 1000 11.0721 211 0.00082514 8.07362e-09 14.287
4000 1000 1.71776 211 0.00082514 8.07362e-09 1.83866
4000 1000 20.1609 254 0.000907455 8.57493e-09 23.3065
4000 1000 2.12998 254 0.000907455 8.57493e-09 2.2733
4000 1000 60.5304 381 0.00113046 9.77022e-09 63.6607
4000 1000 3.12522 381 0.00113046 9.77022e-09 3.25556
4000 1000 203.859 651 0.00125047 9.81067e-09 207.042
4000 1000 5.46171 651 0.00125047 9.81067e-09 5.58503
4000 1000 1.05121 77 0.000368909 3.09602e-09 4.21547
4000 1000 1.07043 77 0.000368909 3.09602e-09 4.2494
4000 1000 2.26833 84 0.00054313 5.25662e-09 5.40365
4000 1000 1.21527 84 0.00054313 5.25662e-09 6.49762
4000 1000 5.58747 102 0.000776475 7.36463e-09 8.71711
4000 1000 1.5064 102 0.000776475 7.36463e-09 1.6222
4000 1000 15.1485 141 0.00099771 8.6264e-09 18.3202
4000 1000 2.25019 141 0.00099771 8.6264e-09 2.3687
4000 1000 29.1094 184 0.00100798 8.46749e-09 32.2464
4000 1000 3.00153 184 0.00100798 8.46749e-09 3.15588
4000 1000 97.8388 311 0.00120189 9.33221e-09 101.049
4000 1000 5.01218 311 0.00120189 9.33221e-09 5.14159
4000 1000 364.549 573 0.00137028 9.94636e-09 367.783
4000 1000 9.2687 573 0.00137028 9.94636e-09 9.40049
4000 1000 1.03497 38 0.00049957 4.21906e-09 4.2456
4000 1000 1.10201 38 0.00049957 4.21906e-09 4.20206
4000 1000 2.531 47 0.000467183 4.03878e-09 5.6746
4000 1000 1.30664 47 0.000467183 4.03878e-09 6.57817
4000 1000 6.93802 65 0.000987805 8.0115e-09 10.0778
4000 1000 1.97245 65 0.000987805 8.0115e-09 2.08731
4000 1000 21.833 104 0.0012617 9.29625e-09 25.0564
4000 1000 3.28795 104 0.0012617 9.29625e-09 3.4085
4000 1000 46.2223 146 0.00125536 9.31592e-09 49.4403
4000 1000 4.69539 146 0.00125536 9.31592e-09 4.81085
4000 1000 173.055 270 0.00138941 9.82999e-09 176.299
4000 1000 8.58831 270 0.00138941 9.82999e-09 8.76194
4000 1000 667.013 526 0.0014162 9.71379e-09 670.233
4000 1000 17.0398 526 0.0014162 9.71379e-09 17.2642
4000 1000 1.03501 19 0.00049957 4.21906e-09 4.18693
4000 1000 1.06013 19 0.00049957 4.21906e-09 4.28075
4000 1000 2.91122 27 0.000871659 6.58763e-09 6.13261
4000 1000 1.54288 27 0.000871659 6.58763e-09 1.66667
4000 1000 9.61564 45 0.00147986 9.78217e-09 12.7317
4000 1000 2.72521 45 0.00147986 9.78217e-09 2.84311
4000 1000 35.1459 84 0.00140013 8.83746e-09 38.2155
4000 1000 5.26374 84 0.00140013 8.83746e-09 5.38726
4000 1000 79.5415 125 0.00132939 8.87792e-09 82.7453
4000 1000 8.095 125 0.00132939 8.87792e-09 8.24669
4000 1000 308.129 246 0.00151921 1.00263e-08 311.369
4000 1000 15.528 246 0.00151921 1.00263e-08 15.6554
4000 1000 1265.05 496 0.00152077 1.00388e-08 1268.16
4000 1000 31.1545 496 0.00152077 1.00388e-08 31.2837
4000 1000 1.08897 8 0.00014683 1.26814e-09 4.31089
4000 1000 1.12608 8 0.00014683 1.26814e-09 4.12868
4000 1000 3.85809 14 0.00120319 6.74876e-09 6.8929
4000 1000 1.96393 14 0.00120319 6.74876e-09 2.08205
4000 1000 16.6757 31 0.00168686 8.96907e-09 19.8827
4000 1000 4.56308 31 0.00168686 8.96907e-09 4.67964
4000 1000 72.4945 69 0.00188944 1.04443e-08 75.7392
4000 1000 10.7646 69 0.00188944 1.04443e-08 10.8818
4000 1000 173.487 109 0.00151607 9.18443e-09 176.717
4000 1000 17.3464 109 0.00151607 9.18443e-09 17.4631
4000 1000 726.694 229 0.00156997 9.79236e-09 729.932
4000 1000 35.9049 229 0.00156997 9.79236e-09 36.0349
4000 1000 3015.87 476 0.0015419 9.90494e-09 3019
4000 1000 75.8681 476 0.0015419 9.90494e-09 75.9994
20000 1000 0.587709 6378 0.00330423 1.24487e-09 1.54827
20000 1000 0.545108 6378 0.00330423 1.24487e-09 1.14068
20000 1000 0.907818 5049 0.00249948 1.31001e-09 1.45289
20000 1000 0.654001 5049 0.00249948 1.31001e-09 1.21006
20000 1000 1.68474 4728 0.00426758 2.59744e-09 2.22725
20000 1000 0.78359 4728 0.00426758 2.59744e-09 1.27796
20000 1000 3.21008 4617 0.00751323 4.78851e-09 3.69048
20000 1000 1.05321 4617 0.00751323 4.78851e-09 1.54772
20000 1000 5.20769 4552 0.00864682 5.49443e-09 5.69621
20000 1000 1.35182 4552 0.00864682 5.49443e-09 1.86623
20000 1000 10.119 4483 0.0117031 7.47194e-09 10.609
20000 1000 1.68252 4483 0.0117031 7.47194e-09 2.16481
20000 1000 20.2386 4481 0.0133473 8.5211e-09 20.7311
20000 1000 2.32374 4481 0.0133473 8.5211e-09 2.81853
20000 1000 0.535291 3189 0.00330423 1.24487e-09 1.02577
20000 1000 0.518072 3189 0.00330423 1.24487e-09 1.06658
20000 1000 0.838148 2528 0.00241298 1.24239e-09 1.32958
20000 1000 0.531313 2528 0.00241298 1.24239e-09 1.01221
20000 1000 1.54912 2366 0.00429848 2.58603e-09 2.04043
20000 1000 0.606172 2366 0.00429848 2.58603e-09 1.09722
20000 1000 2.97574 2312 0.00734537 4.66595e-09 3.46588
20000 1000 0.744864 2312 0.00734537 4.66595e-09 1.23551
20000 1000 5.0099 2282 0.00859244 5.46425e-09 5.50366
20000 1000 0.952573 2282 0.00859244 5.46425e-09 1.48576
20000 1000 9.52541 2253 0.0116944 7.47071e-09 10.0197
20000 1000 1.07273 2253 0.0116944 7.47071e-09 1.54283
20000 1000 17.9807 2261 0.0132737 8.47141e-09 18.4755
20000 1000 1.38484 2261 0.0132737 8.47141e-09 1.90259
20000 1000 0.489185 319 0.00326132 1.23629e-09 0.981282
20000 1000 0.501033 319 0.00326132 1.23629e-09 1.05456
20000 1000 0.770636 255 0.00240115 1.241e-09 1.26135
20000 1000 0.407328 255 0.00240115 1.241e-09 0.88553
20000 1000 1.42822 240 0.00424526 2.58141e-09 1.91939
20000 1000 0.43958 240 0.00424526 2.58141e-09 0.934004
20000 1000 2.78937 237 0.00728366 4.62579e-09 3.27077
20000 1000 0.472263 237 0.00728366 4.62579e-09 0.948015
20000 1000 4.15469 236 0.00884163 5.60329e-09 4.63634
20000 1000 0.502804 236 0.00884163 5.60329e-09 0.988781
20000 1000 8.50595 243 0.0120152 7.64763e-09 8.99561
20000 1000 0.52564 243 0.0120152 7.64763e-09 0.999505
20000 1000 18.2051 261 0.0141444 8.96342e-09 18.6961
20000 1000 0.572552 261 0.0141444 8.96342e-09 1.05341
20000 1000 0.477677 64 0.00290876 1.14114e-09 0.960151
20000 1000 0.49871 64 0.00290876 1.14114e-09 1.05008
20000 1000 0.775351 52 0.00292541 1.47481e-09 1.26166
20000 1000 0.399704 52 0.00292541 1.47481e-09 0.869808
20000 1000 1.47178 50 0.0050144 3.03204e-09 1.96156
20000 1000 0.450423 50 0.0050144 3.03204e-09 0.936536
20000 1000 3.03202 52 0.00815181 5.12898e-09 3.51464
20000 1000 0.476252 52 0.00815181 5.12898e-09 0.963422
20000 1000 4.76511 55 0.00839731 5.27789e-09 5.25451
20000 1000 0.516174 55 0.00839731 5.27789e-09 1.0433
20000 1000 11.0152 65 0.0108723 6.73067e-09 11.5024
20000 1000 0.601896 65 0.0108723 6.73067e-09 1.06879
20000 1000 28.5766 86 0.0134023 8.09615e-09 29.0695
20000 1000 0.760201 86 0.0134023 8.09615e-09 1.25834
20000 1000 0.483306 32 0.00290876 1.14114e-09 0.974846
20000 1000 0.498877 32 0.00290876 1.14114e-09 1.05151
20000 1000 0.800135 27 0.0022895 1.08663e-09 1.2893
20000 1000 0.409754 27 0.0022895 1.08663e-09 0.879321
20000 1000 1.5842 27 0.0028615 1.69727e-09 2.0756
20000 1000 0.447494 27 0.0028615 1.69727e-09 0.929988
20000 1000 3.36709 29 0.00776612 4.78865e-09 3.85128
20000 1000 0.527603 29 0.00776612 4.78865e-09 1.03805
20000 1000 5.51184 32 0.00955548 5.83745e-09 6.00139
20000 1000 0.582733 32 0.00955548 5.83745e-09 1.09399
20000 1000 14.0319 42 0.0148646 8.83886e-09 14.5235
20000 1000 0.75884 42 0.0148646 8.83886e-09 1.23774
20000 1000 41.463 64 0.0137077 7.91822e-09 41.9516
20000 1000 1.09271 64 0.0137077 7.91822e-09 1.56734
20000 1000 0.483016 16 0.00290876 1.14114e-09 0.973201
20000 1000 0.49769 16 0.00290876 1.14114e-09 1.0494
20000 1000 0.829231 14 0.00295453 1.38031e-09 1.31924
20000 1000 0.457663 14 0.00295453 1.38031e-09 0.93795
20000 1000 1.74976 15 0.00230142 1.32598e-09 2.24105
20000 1000 0.495481 15 0.00230142 1.32598e-09 0.985095
20000 1000 4.10481 18 0.00286435 1.6922e-09 4.59487
20000 1000 0.647179 18 0.00286435 1.6922e-09 1.13831
20000 1000 7.04407 21 0.00430868 2.48254e-09 7.53398
20000 1000 0.772234 21 0.00430868 2.48254e-09 1.24767
20000 1000 19.4713 30 0.0186504 1.04661e-08 19.9609
20000 1000 1.066 30 0.0186504 1.04661e-08 1.54325
20000 1000 67.166 52 0.0144761 8.02812e-09 67.6596
20000 1000 1.77377 52 0.0144761 8.02812e-09 2.26154
20000 1000 0.482406 8 0.00290876 1.14114e-09 0.97296
20000 1000 0.494411 8 0.00290876 1.14114e-09 1.04994
20000 1000 0.945244 8 0.000622121 2.77941e-10 1.43564
20000 1000 0.48068 8 0.000622121 2.77941e-10 0.960134
20000 1000 2.0766 9 0.000574519 3.00067e-10 2.56637
20000 1000 0.583308 9 0.000574519 3.00067e-10 1.0794
20000 1000 4.92903 11 0.00708659 3.81821e-09 5.4176
20000 1000 0.749878 11 0.00708659 3.81821e-09 1.24794
20000 1000 9.22712 14 0.00761157 4.03855e-09 9.71773
20000 1000 1.02946 14 0.00761157 4.03855e-09 1.51972
20000 1000 30.7481 24 0.00993695 5.24925e-09 31.2385
20000 1000 1.73263 24 0.00993695 5.24925e-09 2.21554
20000 1000 114.716 45 0.0144093 7.74656e-09 115.208
20000 1000 3.02466 45 0.0144093 7.74656e-09 3.50648
20000 1000 0.605643 4 2.73501e-06 1.06901e-12 1.08757
20000 1000 0.617749 4 2.73501e-06 1.06901e-12 1.16191
20000 1000 1.17039 4 1.6539e-05 7.01794e-12 1.65858
20000 1000 0.592395 4 1.6539e-05 7.01794e-12 1.05917
20000 1000 2.82616 5 2.47946e-05 1.16956e-11 3.31561
20000 1000 0.826354 5 2.47946e-05 1.16956e-11 1.29457
20000 1000 7.69988 7 0.000882002 4.2617e-10 8.18934
20000 1000 1.20927 7 0.000882002 4.2617e-10 1.69685
20000 1000 14.6014 9 0.00899809 4.32972e-09 15.0952
20000 1000 1.64494 9 0.00899809 4.32972e-09 2.12225
20000 1000 60.2729 19 0.00696767 3.45801e-09 60.766
20000 1000 3.39643 19 0.00696767 3.45801e-09 3.87452
20000 1000 253.486 40 0.0116148 6.07034e-09 253.977
20000 1000 6.59395 40 0.0116148 6.07034e-09 7.07475
20000 4000 18.4488 50618 0.00176946 1.90931e-09 21.5683
20000 4000 16.4095 50618 0.00176946 1.90931e-09 18.6751
20000 4000 34.4923 47686 0.00210304 3.06306e-09 36.4876
20000 4000 22.4249 47686 0.00210304 3.06306e-09 24.2886
20000 4000 64.2459 46449 0.00327892 5.24676e-09 66.1132
20000 4000 28.0263 46449 0.00327892 5.24676e-09 29.8693
20000 4000 128.279 45609 0.00428418 6.9581e-09 130.153
20000 4000 32.6813 45609 0.00428418 6.9581e-09 34.5671
20000 4000 205.078 45558 0.00482284 7.87451e-09 206.942
20000 4000 43.3138 45558 0.00482284 7.87451e-09 45.1526
20000 4000 429.857 45377 0.0054741 8.95266e-09 431.739
20000 4000 58.4808 45377 0.0054741 8.95266e-09 60.2821
20000 4000 847.739 45436 0.0056919 9.33167e-09 849.63
20000 4000 70.0568 45436 0.0056919 9.33167e-09 72.5746
20000 4000 17.004 25309 0.00176946 1.90931e-09 18.883
20000 4000 15.5146 25309 0.00176946 1.90931e-09 17.6309
20000 4000 30.4404 23857 0.00211924 3.03288e-09 32.3954
20000 4000 18.1842 23857 0.00211924 3.03288e-09 20.1268
20000 4000 58.7442 23257 0.00327433 5.22981e-09 60.634
20000 4000 21.0286 23257 0.00327433 5.22981e-09 22.8232
20000 4000 114.696 22822 0.00427907 6.92424e-09 116.556
20000 4000 24.0391 22822 0.00427907 6.92424e-09 25.8929
20000 4000 181.477 22836 0.00480005 7.84315e-09 183.343
20000 4000 29.7819 22836 0.00480005 7.84315e-09 31.6176
20000 4000 361.051 22779 0.00546635 8.94341e-09 362.915
20000 4000 40.1159 22779 0.00546635 8.94341e-09 41.8958
20000 4000 738.151 22893 0.00568986 9.33186e-09 740.333
20000 4000 45.4662 22893 0.00568986 9.33186e-09 48.0832
20000 4000 14.7352 2531 0.00180059 1.90776e-09 16.6064
20000 4000 14.7111 2531 0.00180059 1.90776e-09 16.8127
20000 4000 27.8081 2395 0.0020526 3.00288e-09 29.6706
20000 4000 14.5284 2395 0.0020526 3.00288e-09 16.3344
20000 4000 54.212 2344 0.0032649 5.1641e-09 56.0601
20000 4000 15.4263 2344 0.0032649 5.1641e-09 17.216
20000 4000 107.515 2327 0.00419744 6.80797e-09 109.346
20000 4000 16.5486 2327 0.00419744 6.80797e-09 18.4043
20000 4000 170.267 2352 0.00478724 7.8249e-09 172.122
20000 4000 18.504 2352 0.00478724 7.8249e-09 20.3522
20000 4000 347.779 2417 0.0054753 8.94197e-09 349.681
20000 4000 22.4552 2417 0.0054753 8.94197e-09 24.2723
20000 4000 709.111 2582 0.00578406 9.4412e-09 710.981
20000 4000 23.052 2582 0.00578406 9.4412e-09 24.8597
20000 4000 14.594 506 0.00177323 1.92404e-09 16.432
20000 4000 15.024 506 0.00177323 1.92404e-09 17.1731
20000 4000 27.9529 485 0.00203046 2.99409e-09 29.8018
20000 4000 14.3291 485 0.00203046 2.99409e-09 16.1873
20000 4000 55.5638 486 0.00311232 4.94043e-09 57.426
20000 4000 15.6426 486 0.00311232 4.94043e-09 17.4511
20000 4000 114.336 503 0.00431572 6.96581e-09 116.187
20000 4000 16.9636 503 0.00431572 6.96581e-09 18.8223
20000 4000 179.683 531 0.00488213 7.90187e-09 181.553
20000 4000 18.4751 531 0.00488213 7.90187e-09 20.3068
20000 4000 410.411 612 0.00565556 9.02486e-09 412.267
20000 4000 25.2904 612 0.00565556 9.02486e-09 27.1065
20000 4000 1071.13 793 0.00619219 9.56174e-09 1073
20000 4000 30.326 793 0.00619219 9.56174e-09 32.1342
20000 4000 14.5721 253 0.00177323 1.92404e-09 16.412
20000 4000 14.573 253 0.00177323 1.92404e-09 16.6689
20000 4000 28.28 246 0.00221305 3.25789e-09 30.1547
20000 4000 14.3702 246 0.00221305 3.25789e-09 16.1753
20000 4000 57.7986 254 0.00299393 4.72092e-09 59.6708
20000 4000 16.9629 254 0.00299393 4.72092e-09 18.7458
20000 4000 124.357 276 0.00460213 7.34334e-09 126.23
20000 4000 18.2704 276 0.00460213 7.34334e-09 20.1087
20000 4000 204.614 305 0.00511646 8.12357e-09 206.492
20000 4000 22.3066 305 0.00511646 8.12357e-09 24.1532
20000 4000 540.433 390 0.00612228 9.31448e-09 542.289
20000 4000 31.6529 390 0.00612228 9.31448e-09 33.4317
20000 4000 1518.54 576 0.00677608 9.68434e-09 1520.39
20000 4000 43.2674 576 0.00677608 9.68434e-09 45.2246
20000 4000 14.6319 127 0.00161291 1.7388e-09 16.4847
20000 4000 14.6764 127 0.00161291 1.7388e-09 16.7723
20000 4000 29.1288 127 0.00209266 3.06485e-09 31.0158
20000 4000 14.8477 127 0.00209266 3.06485e-09 16.6748
20000 4000 61.9886 137 0.00337992 5.25711e-09 63.8705
20000 4000 17.4905 137 0.00337992 5.25711e-09 19.3222
20000 4000 145.376 163 0.00506712 7.76491e-09 147.226
20000 4000 21.4183 163 0.00506712 7.76491e-09 23.3159
20000 4000 270.268 192 0.00602705 9.02323e-09 272.157
20000 4000 27.6927 192 0.00602705 9.02323e-09 29.5085
20000 4000 735.63 281 0.00679994 9.45798e-09 737.483
20000 4000 45.3596 281 0.00679994 9.45798e-09 47.1734
20000 4000 2401.22 465 0.00753473 9.82415e-09 2403.1
20000 4000 68.5248 465 0.00753473 9.82415e-09 70.4557
20000 4000 14.7757 63 0.0022317 2.11998e-09 16.6262
20000 4000 14.528 63 0.0022317 2.11998e-09 16.6527
20000 4000 30.6237 67 0.00230367 3.27514e-09 32.4636
20000 4000 15.7667 67 0.00230367 3.27514e-09 17.6383
20000 4000 71.2485 79 0.00371389 5.47352e-09 73.1045
20000 4000 19.3371 79 0.00371389 5.47352e-09 21.0835
20000 4000 193.526 107 0.00533273 7.44133e-09 195.401
20000 4000 28.631 107 0.00533273 7.44133e-09 30.4832
20000 4000 370.909 136 0.00667294 8.97363e-09 372.783
20000 4000 39.2853 136 0.00667294 8.97363e-09 41.1803
20000 4000 1184.92 225 0.00753799 9.45011e-09 1186.79
20000 4000 71.9895 225 0.00753799 9.45011e-09 73.8658
20000 4000 4197.18 403 0.00839778 1.01687e-08 4199.14
20000 4000 118.302 403 0.00839778 1.01687e-08 120.207
20000 4000 15.1072 26 0.000894853 9.66563e-10 17.0622
20000 4000 14.9716 26 0.000894853 9.66563e-10 17.1395
20000 4000 36.595 31 0.00180354 2.36389e-09 38.6037
20000 4000 18.2465 31 0.00180354 2.36389e-09 20.1595
20000 4000 96.8749 43 0.00579165 7.14498e-09 98.7336
20000 4000 26.7655 43 0.00579165 7.14498e-09 28.6131
20000 4000 330.889 71 0.00751887 8.85877e-09 332.77
20000 4000 50.1046 71 0.00751887 8.85877e-09 51.9097
20000 4000 656.64 100 0.00754858 8.69793e-09 658.521
20000 4000 73.2756 100 0.00754858 8.69793e-09 75.1604
20000 4000 2451.07 187 0.00816027 9.23073e-09 2452.98
20000 4000 149.845 187 0.00816027 9.23073e-09 151.679
20000 4000 9205.55 358 0.00881538 9.98997e-09 9207.43
20000 4000 262.706 358 0.00881538 9.98997e-09 264.548
40000 1000 0.572835 6052 0.00639643 1.08514e-09 1.6976
40000 1000 0.541294 6052 0.00639643 1.08514e-09 1.6939
40000 1000 0.815125 4382 0.00575948 1.22139e-09 1.83311
40000 1000 0.59444 4382 0.00575948 1.22139e-09 1.55099
40000 1000 1.47312 4000 0.0101667 2.4991e-09 2.43241
40000 1000 0.730975 4000 0.0101667 2.4991e-09 1.69773
40000 1000 2.7818 3824 0.0179754 4.58967e-09 3.7399
40000 1000 0.92539 3824 0.0179754 4.58967e-09 1.85352
40000 1000 4.44647 3792 0.0236075 6.10923e-09 5.40678
40000 1000 1.11697 3792 0.0236075 6.10923e-09 2.06766
40000 1000 8.73991 3754 0.0292064 7.58798e-09 9.69726
40000 1000 1.46005 3754 0.0292064 7.58798e-09 2.3775
40000 1000 17.053 3727 0.0332427 8.63296e-09 18.0348
40000 1000 1.96734 3727 0.0332427 8.63296e-09 2.88456
40000 1000 0.525608 3026 0.00639643 1.08514e-09 1.4866
40000 1000 0.515407 3026 0.00639643 1.08514e-09 1.59385
40000 1000 0.75921 2196 0.00581304 1.19705e-09 1.69973
40000 1000 0.487612 2196 0.00581304 1.19705e-09 1.39961
40000 1000 1.36503 2000 0.0103194 2.53583e-09 2.31115
40000 1000 0.517002 2000 0.0103194 2.53583e-09 1.43621
40000 1000 2.56295 1915 0.0173827 4.44025e-09 3.50239
40000 1000 0.667532 1915 0.0173827 4.44025e-09 1.62983
40000 1000 3.93189 1899 0.0231345 5.98493e-09 4.89059
40000 1000 0.81065 1899 0.0231345 5.98493e-09 1.81659
40000 1000 7.75041 1882 0.029209 7.59394e-09 8.70452
40000 1000 0.950289 1882 0.029209 7.59394e-09 1.86513
40000 1000 15.2853 1873 0.0330031 8.57073e-09 16.2448
40000 1000 1.21417 1873 0.0330031 8.57073e-09 2.16313
40000 1000 0.486503 303 0.00573499 1.04391e-09 1.42506
40000 1000 0.494711 303 0.00573499 1.04391e-09 1.55723
40000 1000 0.697724 222 0.00524211 1.11711e-09 1.64979
40000 1000 0.393122 222 0.00524211 1.11711e-09 1.34382
40000 1000 1.2485 202 0.00964274 2.37377e-09 2.18612
40000 1000 0.362652 202 0.00964274 2.37377e-09 1.30221
40000 1000 2.37291 195 0.0156242 3.96604e-09 3.31182
40000 1000 0.398094 195 0.0156242 3.96604e-09 1.3181
40000 1000 3.51613 194 0.0221478 5.72348e-09 4.47201
40000 1000 0.44077 194 0.0221478 5.72348e-09 1.39229
40000 1000 7.07652 196 0.028911 7.5154e-09 8.01578
40000 1000 0.47773 196 0.028911 7.5154e-09 1.38128
40000 1000 14.6154 203 0.0315475 8.17481e-09 15.5684
40000 1000 0.485031 203 0.0315475 8.17481e-09 1.40173
40000 1000 0.493492 61 0.00532328 9.17107e-10 1.45719
40000 1000 0.48931 61 0.00532328 9.17107e-10 1.55211
40000 1000 0.713777 46 0.004359 9.08016e-10 1.66622
40000 1000 0.362656 46 0.004359 9.08016e-10 1.27583
40000 1000 1.26207 42 0.00785171 1.92496e-09 2.22103
40000 1000 0.353384 42 0.00785171 1.92496e-09 1.2796
40000 1000 2.45998 41 0.0169894 4.31432e-09 3.41974
40000 1000 0.40281 41 0.0169894 4.31432e-09 1.33062
40000 1000 3.763 42 0.0238667 6.14917e-09 4.722
40000 1000 0.429072 42 0.0238667 6.14917e-09 1.40492
40000 1000 8.12764 46 0.0288521 7.43926e-09 9.08663
40000 1000 0.487887 46 0.0288521 7.43926e-09 1.40266
40000 1000 18.9628 55 0.0290584 7.42099e-09 19.909
40000 1000 0.528202 55 0.0290584 7.42099e-09 1.45252
40000 1000 0.475116 30 0.00773209 1.35479e-09 1.41683
40000 1000 0.482798 30 0.00773209 1.35479e-09 1.54795
40000 1000 0.7431 24 0.00308024 6.17406e-10 1.70217
40000 1000 0.408 24 0.00308024 6.17406e-10 1.3292
40000 1000 1.38685 22 0.00612673 1.48124e-09 2.38414
40000 1000 0.359421 22 0.00612673 1.48124e-09 1.30051
40000 1000 2.64107 22 0.0129157 3.23587e-09 3.60237
40000 1000 0.398095 22 0.0129157 3.23587e-09 1.349
40000 1000 4.0568 23 0.0228895 5.83345e-09 4.9963
40000 1000 0.452269 23 0.0228895 5.83345e-09 1.41365
40000 1000 9.29833 27 0.0334662 8.47939e-09 10.2546
40000 1000 0.556748 27 0.0334662 8.47939e-09 1.46284
40000 1000 23.8022 36 0.0373437 9.2962e-09 24.7644
40000 1000 0.665905 36 0.0373437 9.2962e-09 1.5908
40000 1000 0.474382 15 0.00773209 1.35479e-09 1.46237
40000 1000 0.485339 15 0.00773209 1.35479e-09 1.56383
40000 1000 0.801252 13 0.00136063 2.61846e-10 1.74686
40000 1000 0.43062 13 0.00136063 2.61846e-10 1.35475
40000 1000 1.44003 12 0.0029427 6.81145e-10 2.39951
40000 1000 0.3929 12 0.0029427 6.81145e-10 1.31159
40000 1000 3.07048 13 0.00266831 6.47255e-10 4.025
40000 1000 0.459573 13 0.00266831 6.47255e-10 1.4013
40000 1000 4.82176 14 0.00711564 1.75788e-09 5.7601
40000 1000 0.548836 14 0.00711564 1.75788e-09 1.5066
40000 1000 12.1306 18 0.01346 3.29069e-09 13.0946
40000 1000 0.728057 18 0.01346 3.29069e-09 1.64759
40000 1000 34.9877 27 0.018953 4.56708e-09 35.9497
40000 1000 0.968986 27 0.018953 4.56708e-09 1.8783
40000 1000 0.505585 8 0.00121075 2.1538e-10 1.44119
40000 1000 0.514958 8 0.00121075 2.1538e-10 1.57641
40000 1000 0.863602 7 0.0015056 2.74462e-10 1.82331
40000 1000 0.440424 7 0.0015056 2.74462e-10 1.3557
40000 1000 1.67552 7 0.000830139 1.73007e-10 2.63414
40000 1000 0.469881 7 0.000830139 1.73007e-10 1.3983
40000 1000 3.69993 8 0.000670862 1.55081e-10 4.65944
40000 1000 0.60456 8 0.000670862 1.55081e-10 1.56397
40000 1000 6.09615 9 0.00230796 5.42005e-10 7.05276
40000 1000 0.715098 9 0.00230796 5.42005e-10 1.65777
40000 1000 15.8097 12 0.0311537 7.22031e-09 16.7693
40000 1000 0.961493 12 0.0311537 7.22031e-09 1.88541
40000 1000 54.3794 21 0.0221556 5.1467e-09 55.3353
40000 1000 1.48992 21 0.0221556 5.1467e-09 2.41036
40000 1000 0.470202 3 0.00773209 1.35479e-09 1.41426
40000 1000 0.484651 3 0.00773209 1.35479e-09 1.55047
40000 1000 0.919946 3 0.00351719 6.49229e-10 1.8769
40000 1000 0.477284 3 0.00351719 6.49229e-10 1.40774
40000 1000 2.3395 4 1.87242e-06 3.60769e-13 3.27534
40000 1000 0.661932 4 1.87242e-06 3.60769e-13 1.60574
40000 1000 4.51714 4 0.00147016 3.15594e-10 5.45435
40000 1000 0.741222 4 0.00147016 3.15594e-10 1.69051
40000 1000 8.28636 5 0.00240986 5.24573e-10 9.24178
40000 1000 0.988168 5 0.00240986 5.24573e-10 1.9972
40000 1000 26.1123 8 0.0207216 4.49647e-09 27.05
40000 1000 1.61934 8 0.0207216 4.49647e-09 2.53785
40000 1000 101.439 16 0.0394872 8.80732e-09 102.396
40000 1000 2.88074 16 0.0394872 8.80732e-09 3.79561
40000 4000 11.4715 31793 0.00447121 1.10202e-09 15.5455
40000 4000 10.4309 31793 0.00447121 1.10202e-09 14.7445
40000 4000 20.6375 28358 0.00611985 2.45713e-09 24.5582
40000 4000 13.55 28358 0.00611985 2.45713e-09 17.295
40000 4000 38.2598 27342 0.0106717 4.77573e-09 41.95
40000 4000 15.9456 27342 0.0106717 4.77573e-09 19.5912
40000 4000 74.0667 26739 0.0145197 6.60887e-09 77.7506
40000 4000 19.2608 26739 0.0145197 6.60887e-09 22.9448
40000 4000 121.594 26635 0.0165379 7.59158e-09 125.271
40000 4000 26.4478 26635 0.0165379 7.59158e-09 30.1308
40000 4000 239.585 26468 0.0185889 8.54403e-09 243.207
40000 4000 35.0388 26468 0.0185889 8.54403e-09 38.6677
40000 4000 487.96 26436 0.0202537 9.32012e-09 491.814
40000 4000 41.9035 26436 0.0202537 9.32012e-09 45.8098
40000 4000 10.3365 15897 0.00447054 1.10058e-09 14.03
40000 4000 9.82148 15897 0.00447054 1.10058e-09 13.9798
40000 4000 18.3265 14187 0.00597877 2.4382e-09 22.0022
40000 4000 11.224 14187 0.00597877 2.4382e-09 14.8606
40000 4000 35.0725 13684 0.0106013 4.74503e-09 38.764
40000 4000 11.9267 13684 0.0106013 4.74503e-09 15.4846
40000 4000 68.0781 13377 0.0144635 6.58143e-09 71.7466
40000 4000 13.5501 13377 0.0144635 6.58143e-09 17.2196
40000 4000 106.913 13331 0.0164462 7.55187e-09 110.605
40000 4000 17.5559 13331 0.0164462 7.55187e-09 21.2083
40000 4000 225.105 13269 0.0185399 8.52729e-09 228.807
40000 4000 24.1246 13269 0.0185399 8.52729e-09 27.7489
40000 4000 424.211 13270 0.020219 9.30093e-09 427.86
40000 4000 27.4173 13270 0.020219 9.30093e-09 31.1378
40000 4000 10.5322 1590 0.00468941 1.09045e-09 14.3394
40000 4000 10.1879 1590 0.00468941 1.09045e-09 14.4831
40000 4000 16.733 1422 0.00586542 2.36649e-09 20.4881
40000 4000 8.68188 1422 0.00586542 2.36649e-09 12.3298
40000 4000 32.2452 1377 0.0104502 4.68205e-09 35.9726
40000 4000 9.05232 1377 0.0104502 4.68205e-09 12.6538
40000 4000 63.2482 1355 0.0142671 6.50043e-09 66.9744
40000 4000 9.74168 1355 0.0142671 6.50043e-09 13.4512
40000 4000 95.4509 1355 0.0165144 7.57777e-09 99.1602
40000 4000 11.4332 1355 0.0165144 7.57777e-09 15.1441
40000 4000 192.283 1373 0.0186477 8.56679e-09 195.998
40000 4000 13.4126 1373 0.0186477 8.56679e-09 17.0432
40000 4000 416.982 1425 0.0202049 9.28309e-09 420.732
40000 4000 13.7581 1425 0.0202049 9.28309e-09 17.3912
40000 4000 9.29091 318 0.00468941 1.09045e-09 12.9852
40000 4000 9.29567 318 0.00468941 1.09045e-09 13.5414
40000 4000 16.728 287 0.00544053 2.18606e-09 20.4873
40000 4000 8.4209 287 0.00544053 2.18606e-09 12.0782
40000 4000 33.7578 281 0.0102213 4.56893e-09 37.6151
40000 4000 9.11185 281 0.0102213 4.56893e-09 12.773
40000 4000 65.1978 284 0.0143278 6.52793e-09 68.9592
40000 4000 10.5992 284 0.0143278 6.52793e-09 14.2822
40000 4000 109.824 291 0.0163335 7.4641e-09 113.59
40000 4000 11.2166 291 0.0163335 7.4641e-09 14.9327
40000 4000 219.894 317 0.0191979 8.75772e-09 223.75
40000 4000 13.9024 317 0.0191979 8.75772e-09 17.6726
40000 4000 521.963 374 0.0208067 9.37174e-09 525.633
40000 4000 15.6571 374 0.0208067 9.37174e-09 19.4766
40000 4000 9.28041 159 0.00468941 1.09045e-09 12.9384
40000 4000 9.58075 159 0.00468941 1.09045e-09 13.9404
40000 4000 16.8073 145 0.00534267 2.13998e-09 20.513
40000 4000 8.63715 145 0.00534267 2.13998e-09 12.3615
40000 4000 33.2977 144 0.0101942 4.54484e-09 36.9608
40000 4000 9.15056 144 0.0101942 4.54484e-09 12.7915
40000 4000 68.4178 150 0.0143935 6.52158e-09 72.1085
40000 4000 10.6993 150 0.0143935 6.52158e-09 14.3859
40000 4000 107.409 158 0.0169025 7.6606e-09 111.099
40000 4000 12.167 158 0.0169025 7.6606e-09 15.8959
40000 4000 249.408 186 0.0194626 8.72422e-09 253.067
40000 4000 16.1275 186 0.0194626 8.72422e-09 19.7683
40000 4000 672.713 246 0.0208989 9.10981e-09 676.408
40000 4000 20.1312 246 0.0208989 9.10981e-09 23.8217
40000 4000 9.20048 79 0.00538393 1.31239e-09 12.9557
40000 4000 9.26849 79 0.00538393 1.31239e-09 13.6086
40000 4000 17.5813 74 0.00499065 1.96692e-09 21.488
40000 4000 8.68788 74 0.00499065 1.96692e-09 12.3907
40000 4000 36.1487 76 0.00847336 3.74582e-09 40.0699
40000 4000 10.4455 76 0.00847336 3.74582e-09 14.1128
40000 4000 77.3963 83 0.0148826 6.63613e-09 81.3525
40000 4000 12.0009 83 0.0148826 6.63613e-09 15.7958
40000 4000 131.516 92 0.0169721 7.49233e-09 135.373
40000 4000 13.9675 92 0.0169721 7.49233e-09 17.7688
40000 4000 327.572 121 0.0204539 8.77436e-09 331.397
40000 4000 20.9295 121 0.0204539 8.77436e-09 24.7247
40000 4000 972.356 182 0.0232617 9.59362e-09 976.494
40000 4000 29.4994 182 0.0232617 9.59362e-09 33.409
40000 4000 9.57703 40 0.00395977 9.44332e-10 13.4373
40000 4000 9.32265 40 0.00395977 9.44332e-10 13.6377
40000 4000 17.5059 38 0.00574456 2.19027e-09 21.3263
40000 4000 9.03044 38 0.00574456 2.19027e-09 12.7701
40000 4000 39.9435 41 0.0110833 4.76421e-09 43.7194
40000 4000 11.1886 41 0.0110833 4.76421e-09 14.9664
40000 4000 90.4389 50 0.0124066 5.29093e-09 94.1596
40000 4000 14.3757 50 0.0124066 5.29093e-09 18.0768
40000 4000 158.758 59 0.0166724 6.94448e-09 162.436
40000 4000 18.0471 59 0.0166724 6.94448e-09 21.7013
40000 4000 484.126 88 0.0236784 9.49503e-09 487.85
40000 4000 29.8772 88 0.0236784 9.49503e-09 33.5354
40000 4000 1561.76 149 0.0239985 9.31697e-09 1565.51
40000 4000 47.776 149 0.0239985 9.31697e-09 51.4137
40000 4000 10.4556 16 0.00395977 9.44332e-10 14.2307
40000 4000 9.48546 16 0.00395977 9.44332e-10 13.7834
40000 4000 19.5976 17 0.00286738 1.01734e-09 23.262
40000 4000 9.85439 17 0.00286738 1.01734e-09 13.5006
40000 4000 47.8031 21 0.00376426 1.47776e-09 51.4876
40000 4000 13.1893 21 0.00376426 1.47776e-09 16.7099
40000 4000 130.75 29 0.012166 4.58051e-09 134.436
40000 4000 21.0371 29 0.012166 4.58051e-09 24.7381
40000 4000 255.144 38 0.0161367 6.01686e-09 258.823
40000 4000 26.7566 38 0.0161367 6.01686e-09 30.4365
40000 4000 901.817 67 0.0222791 8.15766e-09 905.489
40000 4000 56.5015 67 0.0222791 8.15766e-09 60.1701
40000 4000 3329.27 126 0.0238644 8.68804e-09 3333.07
40000 4000 100.645 126 0.0238644 8.68804e-09 104.309
40000 10000 151.77 167284 0.00263828 1.71339e-09 161.746
40000 10000 135.358 167284 0.00263828 1.71339e-09 146.329
40000 10000 287.6 159232 0.00444372 4.17957e-09 297.524
40000 10000 186.176 159232 0.00444372 4.17957e-09 195.324
40000 10000 557.231 155721 0.00513274 5.3417e-09 567.321
40000 10000 204.288 155721 0.00513274 5.3417e-09 214.044
40000 10000 1087.8 153500 0.00689165 7.27134e-09 1097.59
40000 10000 256.85 153500 0.00689165 7.27134e-09 266.125
40000 10000 1794.53 153356 0.00761017 8.0882e-09 1804.11
40000 10000 361.779 153356 0.00761017 8.0882e-09 371.358
40000 10000 3453.06 152579 0.00833758 8.86715e-09 3462.75
40000 10000 487.723 152579 0.00833758 8.86715e-09 497.153
40000 10000 7154.55 152360 0.00887584 9.45035e-09 7164.27
40000 10000 573.538 152360 0.00887584 9.45035e-09 582.87
40000 10000 138.954 83642 0.00263828 1.71339e-09 148.419
40000 10000 127.952 83642 0.00263828 1.71339e-09 138.65
40000 10000 261.545 79684 0.0041965 4.17583e-09 271.101
40000 10000 151.242 79684 0.0041965 4.17583e-09 168.884
40000 10000 493.94 77900 0.00512286 5.31677e-09 503.275
40000 10000 164.049 77900 0.00512286 5.31677e-09 173.246
40000 10000 962.816 76788 0.006853 7.22371e-09 972.174
40000 10000 196.312 76788 0.006853 7.22371e-09 205.576
40000 10000 1520.9 76750 0.0075737 8.05366e-09 1530.4
40000 10000 248.217 76750 0.0075737 8.05366e-09 257.534
40000 10000 3109.68 76410 0.00832107 8.84591e-09 3128.14
40000 10000 338.151 76410 0.00832107 8.84591e-09 347.524
40000 10000 6178.46 76432 0.00886529 9.43542e-09 6188.11
40000 10000 380.518 76432 0.00886529 9.43542e-09 390.023
40000 10000 120.656 8364 0.00262411 1.71447e-09 130.091
40000 10000 119.913 8364 0.00262411 1.71447e-09 130.406
40000 10000 228.431 7984 0.00414468 4.09919e-09 237.59
40000 10000 120.08 7984 0.00414468 4.09919e-09 129.376
40000 10000 446.027 7820 0.00502029 5.20748e-09 455.308
40000 10000 135.677 7820 0.00502029 5.20748e-09 145.1
40000 10000 883.353 7750 0.00681533 7.13373e-09 892.841
40000 10000 134.919 7750 0.00681533 7.13373e-09 144.158
40000 10000 1334.95 7784 0.00750492 7.97079e-09 1344.18
40000 10000 149.593 7784 0.00750492 7.97079e-09 158.907
40000 10000 2683.71 7862 0.0083412 8.8549e-09 2693.11
40000 10000 191.592 7862 0.0083412 8.8549e-09 200.793
40000 10000 5506.74 8103 0.0088979 9.46019e-09 5516.16
40000 10000 199.55 8103 0.0088979 9.46019e-09 209.105
40000 10000 119.603 1673 0.00249395 1.70941e-09 128.847
40000 10000 119.676 1673 0.00249395 1.70941e-09 130.207
40000 10000 233.068 1606 0.00413855 4.11418e-09 242.454
40000 10000 118.253 1606 0.00413855 4.11418e-09 127.497
40000 10000 472.041 1590 0.00500026 5.19136e-09 481.59
40000 10000 131.177 1590 0.00500026 5.19136e-09 140.477
40000 10000 901.558 1607 0.00686966 7.23777e-09 910.977
40000 10000 134.42 1607 0.00686966 7.23777e-09 143.738
40000 10000 1386.73 1651 0.00755109 7.99575e-09 1395.93
40000 10000 147.199 1651 0.00755109 7.99575e-09 156.507
40000 10000 3140.64 1770 0.00855532 9.01434e-09 3150.13
40000 10000 194.045 1770 0.00855532 9.01434e-09 203.328
40000 10000 7171.93 2040 0.00921751 9.58653e-09 7181.45
40000 10000 221.926 2040 0.00921751 9.58653e-09 231.547
40000 10000 119.379 836 0.00255109 1.73596e-09 128.696
40000 10000 119.445 836 0.00255109 1.73596e-09 130.01
40000 10000 229.38 809 0.00411418 4.07949e-09 238.689
40000 10000 117.932 809 0.00411418 4.07949e-09 127.062
40000 10000 456 811 0.00512217 5.30648e-09 465.253
40000 10000 126.285 811 0.00512217 5.30648e-09 135.708
40000 10000 939.967 841 0.00695141 7.29722e-09 949.464
40000 10000 145.871 841 0.00695141 7.29722e-09 155.282
40000 10000 1479.72 885 0.00777211 8.18012e-09 1488.89
40000 10000 160.029 885 0.00777211 8.18012e-09 169.462
40000 10000 3369.27 1015 0.0088387 9.14614e-09 3378.42
40000 10000 219.463 1015 0.0088387 9.14614e-09 228.867
40000 10000 8517.42 1299 0.00975658 9.68578e-09 8526.9
40000 10000 275.168 1299 0.00975658 9.68578e-09 284.702
40000 10000 119.416 418 0.00255109 1.73596e-09 128.881
40000 10000 119.761 418 0.00255109 1.73596e-09 130.227
40000 10000 251.971 410 0.0040419 3.94556e-09 261.162
40000 10000 119.229 410 0.0040419 3.94556e-09 128.573
40000 10000 499.148 422 0.00511122 5.28196e-09 508.367
40000 10000 130.039 422 0.00511122 5.28196e-09 139.249
40000 10000 1070.6 459 0.00722488 7.4953e-09 1080.08
40000 10000 163.523 459 0.00722488 7.4953e-09 172.831
40000 10000 1682.83 505 0.00791143 8.13411e-09 1692.07
40000 10000 177.849 505 0.00791143 8.13411e-09 187.172
40000 10000 4382.19 643 0.00956907 9.39196e-09 4391.66
40000 10000 275.062 643 0.00956907 9.39196e-09 284.67
40000 10000 12921.1 938 0.0108065 9.81998e-09 12930.9
40000 10000 394.068 938 0.0108065 9.81998e-09 403.26
40000 10000 119.154 209 0.00255109 1.73596e-09 128.706
40000 10000 119.399 209 0.00255109 1.73596e-09 129.821
40000 10000 238.415 211 0.00381255 3.73946e-09 247.513
40000 10000 121.862 211 0.00381255 3.73946e-09 130.931
40000 10000 511.512 228 0.00535674 5.44874e-09 520.739
40000 10000 152.066 228 0.00535674 5.44874e-09 161.4
40000 10000 1201.93 269 0.00787254 7.83328e-09 1211.46
40000 10000 178.598 269 0.00787254 7.83328e-09 187.853
40000 10000 2108.08 316 0.00915258 8.81894e-09 2117.32
40000 10000 222.351 316 0.00915258 8.81894e-09 231.709
40000 10000 6418.14 461 0.0103985 9.25902e-09 6427.75
40000 10000 393.333 461 0.0103985 9.25902e-09 402.763
40000 10000 20240.7 755 0.0119263 9.7798e-09 20250.8
40000 10000 627.856 755 0.0119263 9.7798e-09 637.868
40000 10000 121.117 84 0.00228885 1.54957e-09 130.822
40000 10000 124.986 84 0.00228885 1.54957e-09 135.764
40000 10000 258.835 91 0.00397952 3.76533e-09 268.065
40000 10000 132.392 91 0.00397952 3.76533e-09 141.567
40000 10000 641.747 111 0.00678522 6.313e-09 651.362
40000 10000 170.894 111 0.00678522 6.313e-09 180.235
40000 10000 1794.64 156 0.00922934 7.98824e-09 1803.84
40000 10000 255.633 156 0.00922934 7.98824e-09 264.958
40000 10000 3466.86 203 0.0115189 9.5089e-09 3476.71
40000 10000 354.794 203 0.0115189 9.5089e-09 364.241
40000 10000 11765.3 347 0.0125378 9.69209e-09 11775.2
40000 10000 756.948 347 0.0125378 9.69209e-09 766.772
40000 10000 42504.5 631 0.0133671 9.83956e-09 42514.3
40000 10000 1307.58 631 0.0133671 9.83956e-09 1869.65
80000 1000 0.580216 5861 0.0118527 1.04714e-09 74.9651
80000 1000 0.553091 5861 0.0118527 1.04714e-09 2.81841
80000 1000 0.807877 4069 0.0119471 1.10556e-09 2.85531
80000 1000 0.567487 4069 0.0119471 1.10556e-09 2.45412
80000 1000 1.42616 3626 0.015849 1.66579e-09 3.33733
80000 1000 0.621974 3626 0.015849 1.66579e-09 2.4872
80000 1000 2.65705 3439 0.0349041 3.9283e-09 4.60704
80000 1000 0.827023 3439 0.0349041 3.9283e-09 2.68468
80000 1000 4.1232 3373 0.0447966 5.04158e-09 5.99648
80000 1000 1.08293 3373 0.0447966 5.04158e-09 2.93955
80000 1000 8.05408 3333 0.0597659 6.77876e-09 9.93593
80000 1000 1.33262 3333 0.0597659 6.77876e-09 3.14114
80000 1000 15.7927 3306 0.0733148 8.34233e-09 17.6557
80000 1000 1.80207 3306 0.0733148 8.34233e-09 3.64705
80000 1000 0.538576 2930 0.0118792 1.04917e-09 2.42172
80000 1000 0.528527 2930 0.0118792 1.04917e-09 2.64842
80000 1000 0.745267 2037 0.0118105 1.08123e-09 2.6237
80000 1000 0.472442 2037 0.0118105 1.08123e-09 2.38195
80000 1000 1.30666 1813 0.015889 1.66733e-09 3.17287
80000 1000 0.502179 1813 0.015889 1.66733e-09 2.3216
80000 1000 2.36857 1721 0.0347494 3.89213e-09 4.24701
80000 1000 0.580223 1721 0.0347494 3.89213e-09 2.44446
80000 1000 3.68171 1688 0.0446447 5.02536e-09 5.60243
80000 1000 0.694819 1688 0.0446447 5.02536e-09 2.55332
80000 1000 7.14306 1669 0.0596945 6.7726e-09 9.01977
80000 1000 0.875987 1669 0.0596945 6.7726e-09 2.85963
80000 1000 13.9647 1657 0.0731849 8.32712e-09 15.8547
80000 1000 1.11013 1657 0.0731849 8.32712e-09 2.93895
80000 1000 0.493513 293 0.0118792 1.04917e-09 2.34392
80000 1000 0.502623 293 0.0118792 1.04917e-09 2.60014
80000 1000 0.677928 206 0.0108419 1.00423e-09 2.53309
80000 1000 0.359082 206 0.0108419 1.00423e-09 2.23396
80000 1000 1.17397 183 0.01383 1.44418e-09 3.05443
80000 1000 0.335651 183 0.01383 1.44418e-09 2.15539
80000 1000 2.20359 174 0.0324456 3.6472e-09 4.08261
80000 1000 0.35392 174 0.0324456 3.6472e-09 2.23592
80000 1000 3.20972 171 0.0405962 4.5694e-09 5.10928
80000 1000 0.411963 171 0.0405962 4.5694e-09 2.25658
80000 1000 6.40546 171 0.0553254 6.28257e-09 8.27325
80000 1000 0.456446 171 0.0553254 6.28257e-09 2.25461
80000 1000 12.9023 173 0.0702281 7.9836e-09 14.7846
80000 1000 0.461906 173 0.0702281 7.9836e-09 2.28664
80000 1000 0.488273 58 0.0167614 1.46106e-09 2.37267
80000 1000 0.497906 58 0.0167614 1.46106e-09 2.62505
80000 1000 0.698917 43 0.00779653 7.09344e-10 2.60574
80000 1000 0.35346 43 0.00779653 7.09344e-10 2.24338
80000 1000 1.20151 38 0.0111182 1.15112e-09 3.07941
80000 1000 0.327205 38 0.0111182 1.15112e-09 2.18785
80000 1000 2.24701 36 0.028637 3.18623e-09 4.12189
80000 1000 0.349035 36 0.028637 3.18623e-09 2.21731
80000 1000 3.35074 36 0.0323842 3.6286e-09 5.23685
80000 1000 0.363548 36 0.0323842 3.6286e-09 2.27363
80000 1000 6.73688 37 0.0684839 7.74174e-09 8.61148
80000 1000 0.435408 37 0.0684839 7.74174e-09 2.2517
80000 1000 14.5037 41 0.0630407 7.1115e-09 16.3638
80000 1000 0.447274 41 0.0630407 7.1115e-09 2.27308
80000 1000 0.482591 29 0.0167614 1.46106e-09 2.36957
80000 1000 0.493328 29 0.0167614 1.46106e-09 2.62239
80000 1000 0.707182 22 0.0115877 9.86306e-10 2.59781
80000 1000 0.358976 22 0.0115877 9.86306e-10 2.23995
80000 1000 1.25733 20 0.00626645 6.26899e-10 3.13866
80000 1000 0.340141 20 0.00626645 6.26899e-10 2.11176
80000 1000 2.3406 19 0.019116 2.11266e-09 4.226
80000 1000 0.353169 19 0.019116 2.11266e-09 2.22256
80000 1000 3.49422 19 0.0296951 3.29078e-09 5.37719
80000 1000 0.380813 19 0.0296951 3.29078e-09 2.25956
80000 1000 7.47879 21 0.0330824 3.71197e-09 9.35867
80000 1000 0.497022 21 0.0330824 3.71197e-09 2.67531
80000 1000 17.2254 25 0.0325954 3.62033e-09 19.1071
80000 1000 0.52127 25 0.0325954 3.62033e-09 2.33179
80000 1000 0.469491 14 0.0444645 3.88194e-09 2.3525
80000 1000 0.471724 14 0.0444645 3.88194e-09 2.60008
80000 1000 0.776703 12 0.00668184 6.17681e-10 2.66151
80000 1000 0.386968 12 0.00668184 6.17681e-10 2.21708
80000 1000 1.39149 11 0.00258492 2.47167e-10 3.27104
80000 1000 0.374175 11 0.00258492 2.47167e-10 2.16685
80000 1000 3.04454 11 0.00223745 2.41414e-10 5.03713
80000 1000 0.404648 11 0.00223745 2.41414e-10 2.24157
80000 1000 3.95128 11 0.00784741 8.56384e-10 5.83145
80000 1000 0.470003 11 0.00784741 8.56384e-10 2.33701
80000 1000 8.25271 12 0.0601488 6.57531e-09 10.1253
80000 1000 0.541175 12 0.0601488 6.57531e-09 2.35441
80000 1000 21.526 16 0.0427823 4.61693e-09 23.4095
80000 1000 0.654571 16 0.0427823 4.61693e-09 2.45461
80000 1000 0.462914 7 0.0444645 3.88194e-09 2.33032
80000 1000 0.482823 7 0.0444645 3.88194e-09 2.60726
80000 1000 0.897066 7 0.000777221 6.92335e-11 2.76712
80000 1000 0.451772 7 0.000777221 6.92335e-11 2.28071
80000 1000 1.49021 6 0.00505194 4.56231e-10 3.35401
80000 1000 0.400272 6 0.00505194 4.56231e-10 2.26686
80000 1000 2.87168 6 0.00545376 5.51405e-10 4.74175
80000 1000 0.435104 6 0.00545376 5.51405e-10 2.29335
80000 1000 5.27852 7 0.000468027 4.90789e-11 7.20439
80000 1000 0.596241 7 0.000468027 4.90789e-11 2.47324
80000 1000 10.8269 8 0.0103289 1.08747e-09 12.6982
80000 1000 0.7178 8 0.0103289 1.08747e-09 2.53089
80000 1000 29.1631 11 0.056657 5.88038e-09 31.0435
80000 1000 0.896391 11 0.056657 5.88038e-09 2.70454
80000 1000 0.499438 3 0.00586158 5.26392e-10 2.38003
80000 1000 0.511588 3 0.00586158 5.26392e-10 2.63674
80000 1000 0.957387 3 0.0017052 1.53362e-10 2.84091
80000 1000 0.485226 3 0.0017052 1.53362e-10 2.3414
80000 1000 1.81485 3 0.00085782 7.64285e-11 3.70161
80000 1000 0.522316 3 0.00085782 7.64285e-11 2.38015
80000 1000 3.62166 3 0.0033277 2.96075e-10 5.55619
80000 1000 0.582093 3 0.0033277 2.96075e-10 2.46766
80000 1000 6.87116 4 8.30206e-06 8.12033e-13 8.75501
80000 1000 0.842018 4 8.30206e-06 8.12033e-13 2.69448
80000 1000 16.5784 5 0.000586718 5.80151e-11 18.4522
80000 1000 1.12891 5 0.000586718 5.80151e-11 2.9397
80000 1000 52.0981 8 0.00475044 4.73184e-10 53.9866
80000 1000 1.59205 8 0.00475044 4.73184e-10 3.39774
80000 4000 10.0629 26979 0.0104556 1.02777e-09 27.9637
80000 4000 9.15328 26979 0.0104556 1.02777e-09 17.9302
80000 4000 15.8084 21292 0.0103388 1.37423e-09 23.6073
80000 4000 10.2907 21292 0.0103388 1.37423e-09 17.6443
80000 4000 33.515 20058 0.0206912 3.22192e-09 40.9362
80000 4000 12.1751 20058 0.0206912 3.22192e-09 19.321
80000 4000 54.7578 19504 0.0320102 5.10964e-09 62.1695
80000 4000 14.4648 19504 0.0320102 5.10964e-09 21.9017
80000 4000 89.8655 19284 0.0385991 6.21539e-09 97.2877
80000 4000 19.7759 19284 0.0385991 6.21539e-09 27.2137
80000 4000 181.584 19157 0.047902 7.7453e-09 189.332
80000 4000 25.5426 19157 0.047902 7.7453e-09 32.8378
80000 4000 358.927 19036 0.0543203 8.783e-09 366.48
80000 4000 30.7501 19036 0.0543203 8.783e-09 38.0416
80000 4000 9.87905 13490 0.0106905 1.0264e-09 17.5432
80000 4000 9.34103 13490 0.0106905 1.0264e-09 18.0343
80000 4000 14.9775 10657 0.0105419 1.36146e-09 22.5496
80000 4000 8.47124 10657 0.0105419 1.36146e-09 15.7732
80000 4000 26.5171 10037 0.0208403 3.24584e-09 34.1194
80000 4000 9.35656 10037 0.0208403 3.24584e-09 16.4318
80000 4000 51.0493 9761 0.0317015 5.06362e-09 58.7091
80000 4000 10.9304 9761 0.0317015 5.06362e-09 18.4617
80000 4000 78.3276 9648 0.0384487 6.18823e-09 85.7703
80000 4000 13.3773 9648 0.0384487 6.18823e-09 20.6984
80000 4000 173.025 9589 0.0479293 7.75221e-09 180.411
80000 4000 17.6158 9589 0.0479293 7.75221e-09 24.9412
80000 4000 309.904 9541 0.0542469 8.77405e-09 317.352
80000 4000 20.2223 9541 0.0542469 8.77405e-09 27.5526
80000 4000 9.35001 1349 0.0106905 1.0264e-09 17.29
80000 4000 9.01887 1349 0.0106905 1.0264e-09 17.9502
80000 4000 14.1561 1069 0.00995524 1.29082e-09 22.0761
80000 4000 6.6236 1069 0.00995524 1.29082e-09 14.1099
80000 4000 23.7884 1009 0.0208173 3.25014e-09 31.635
80000 4000 6.76227 1009 0.0208173 3.25014e-09 14.0074
80000 4000 46.4162 983 0.0302137 4.82434e-09 54.4578
80000 4000 7.28862 983 0.0302137 4.82434e-09 14.5877
80000 4000 69.5736 975 0.0374657 6.03845e-09 77.1093
80000 4000 8.31781 975 0.0374657 6.03845e-09 15.6885
80000 4000 138.913 977 0.0479329 7.75065e-09 146.496
80000 4000 9.77084 977 0.0479329 7.75065e-09 17.101
80000 4000 285.089 992 0.0538945 8.71232e-09 292.769
80000 4000 9.98584 992 0.0538945 8.71232e-09 17.2163
80000 4000 8.11632 270 0.010739 1.00659e-09 15.8092
80000 4000 7.99683 270 0.010739 1.00659e-09 16.8861
80000 4000 12.588 215 0.00992672 1.26393e-09 20.2308
80000 4000 6.52895 215 0.00992672 1.26393e-09 13.9276
80000 4000 24.1691 204 0.0206827 3.21467e-09 31.8847
80000 4000 6.90256 204 0.0206827 3.21467e-09 14.3274
80000 4000 47.2167 202 0.029403 4.69051e-09 54.9343
80000 4000 7.52621 202 0.029403 4.69051e-09 14.9539
80000 4000 70.8332 203 0.0381374 6.14928e-09 78.4746
80000 4000 8.16296 203 0.0381374 6.14928e-09 15.6371
80000 4000 160.577 212 0.0463568 7.47814e-09 168.221
80000 4000 9.55354 212 0.0463568 7.47814e-09 16.9129
80000 4000 329.013 232 0.055975 8.99652e-09 336.87
80000 4000 10.2284 232 0.055975 8.99652e-09 17.676
80000 4000 9.77994 135 0.010739 1.00659e-09 17.4631
80000 4000 8.00907 135 0.010739 1.00659e-09 16.6462
80000 4000 12.6417 108 0.0104038 1.32334e-09 20.3449
80000 4000 6.48305 108 0.0104038 1.32334e-09 14.1674
80000 4000 24.3254 104 0.0177419 2.74772e-09 32.0252
80000 4000 7.00368 104 0.0177419 2.74772e-09 14.4253
80000 4000 48.4951 104 0.0307932 4.90338e-09 56.1524
80000 4000 7.51639 104 0.0307932 4.90338e-09 14.854
80000 4000 74.3315 107 0.0340366 5.47445e-09 82.0285
80000 4000 8.40199 107 0.0340366 5.47445e-09 15.7903
80000 4000 169.958 116 0.0513863 8.24361e-09 177.674
80000 4000 10.2955 116 0.0513863 8.24361e-09 17.7886
80000 4000 383.041 138 0.0574685 9.12493e-09 390.775
80000 4000 11.9151 138 0.0574685 9.12493e-09 19.2066
80000 4000 9.2219 68 0.00893595 8.13747e-10 17.1344
80000 4000 9.32845 68 0.00893595 8.13747e-10 18.2992
80000 4000 13.8487 55 0.0097919 1.22569e-09 21.6077
80000 4000 6.63705 55 0.0097919 1.22569e-09 14.0548
80000 4000 25.7169 53 0.0222888 3.42865e-09 33.5677
80000 4000 6.61796 53 0.0222888 3.42865e-09 13.7667
80000 4000 52.4094 56 0.0229564 3.64015e-09 60.1225
80000 4000 7.51213 56 0.0229564 3.64015e-09 14.7901
80000 4000 81.6328 58 0.0433369 6.91938e-09 89.2871
80000 4000 9.03532 58 0.0433369 6.91938e-09 16.4885
80000 4000 187.903 69 0.0450698 7.10833e-09 195.636
80000 4000 12.1711 69 0.0450698 7.10833e-09 19.5863
80000 4000 501.297 92 0.0527196 8.14468e-09 509.095
80000 4000 15.8922 92 0.0527196 8.14468e-09 23.3959
80000 4000 9.1365 34 0.00893595 8.13747e-10 16.8945
80000 4000 8.94513 34 0.00893595 8.13747e-10 17.7145
80000 4000 14.5313 28 0.0132426 1.59126e-09 22.3175
80000 4000 6.76682 28 0.0132426 1.59126e-09 14.0464
80000 4000 26.718 28 0.0213607 3.22152e-09 34.3911
80000 4000 7.14785 28 0.0213607 3.22152e-09 14.2208
80000 4000 56.6679 31 0.0280755 4.37606e-09 64.2925
80000 4000 8.78678 31 0.0280755 4.37606e-09 16.0502
80000 4000 93.1977 34 0.04106 6.38841e-09 100.776
80000 4000 9.49329 34 0.04106 6.38841e-09 16.8826
80000 4000 262.908 45 0.0466631 7.06941e-09 270.54
80000 4000 15.7693 45 0.0466631 7.06941e-09 23.0944
80000 4000 733.657 68 0.0607103 8.98852e-09 741.604
80000 4000 23.0864 68 0.0607103 8.98852e-09 42.7935
80000 4000 8.25527 14 0.00341814 3.38025e-10 15.9789
80000 4000 8.29619 14 0.00341814 3.38025e-10 17.0471
80000 4000 15.1183 13 0.0015706 1.71585e-10 22.7698
80000 4000 7.66418 13 0.0015706 1.71585e-10 15.1645
80000 4000 29.9886 13 0.0130748 1.8046e-09 37.6887
80000 4000 8.1933 13 0.0130748 1.8046e-09 15.3855
80000 4000 73.2561 16 0.0215723 3.13924e-09 80.9505
80000 4000 11.3434 16 0.0215723 3.13924e-09 18.7958
80000 4000 137.366 19 0.0381115 5.49308e-09 145.02
80000 4000 14.5293 19 0.0381115 5.49308e-09 21.9799
80000 4000 405.047 30 0.0363961 5.11084e-09 412.639
80000 4000 26.2303 30 0.0363961 5.11084e-09 33.6312
80000 4000 1424.63 53 0.0452746 6.35588e-09 1432.15
80000 4000 44.7145 53 0.0452746 6.35588e-09 52.1379
80000 10000 87.6332 91843 0.00780039 1.13628e-09 126.357
80000 10000 76.0888 91843 0.00780039 1.13628e-09 97.5448
80000 10000 154.117 83544 0.0101944 2.38929e-09 173.161
80000 10000 98.6421 83544 0.0101944 2.38929e-09 117.22
80000 10000 289.651 80715 0.0180596 4.66421e-09 308.571
80000 10000 112.587 80715 0.0180596 4.66421e-09 131.1
80000 10000 579.307 79302 0.0237467 6.24766e-09 597.678
80000 10000 119.265 79302 0.0237467 6.24766e-09 138.049
80000 10000 929.239 78807 0.0272153 7.1897e-09 948.2
80000 10000 176.514 78807 0.0272153 7.1897e-09 194.913
80000 10000 1817.4 78172 0.0313341 8.29178e-09 1836.56
80000 10000 251.599 78172 0.0313341 8.29178e-09 270.459
80000 10000 3605.16 77870 0.0342907 9.08519e-09 3624.33
80000 10000 294.119 77870 0.0342907 9.08519e-09 324.619
80000 10000 77.6828 45921 0.00777283 1.13667e-09 96.8745
80000 10000 70.2995 45921 0.00777283 1.13667e-09 91.6327
80000 10000 140.946 41773 0.0104493 2.45463e-09 159.897
80000 10000 79.873 41773 0.0104493 2.45463e-09 98.389
80000 10000 258.476 40413 0.0176621 4.56689e-09 276.941
80000 10000 88.7073 40413 0.0176621 4.56689e-09 109.648
80000 10000 504.878 39671 0.0235449 6.19394e-09 523.977
80000 10000 99.1423 39671 0.0235449 6.19394e-09 117.963
80000 10000 802.563 39441 0.0270127 7.12908e-09 821.412
80000 10000 129.55 39441 0.0270127 7.12908e-09 151.803
80000 10000 1591.73 39139 0.0312483 8.2653e-09 1611.54
80000 10000 173.92 39139 0.0312483 8.2653e-09 193.84
80000 10000 3113.98 39012 0.0342542 9.07471e-09 3132.88
80000 10000 195.463 39012 0.0342542 9.07471e-09 221.25
80000 10000 67.1448 4592 0.00811855 1.13781e-09 86.0417
80000 10000 69.4025 4592 0.00811855 1.13781e-09 91.0589
80000 10000 125.034 4187 0.00988375 2.29634e-09 144.159
80000 10000 63.7215 4187 0.00988375 2.29634e-09 82.2524
80000 10000 239.085 4056 0.0169904 4.38046e-09 258.42
80000 10000 65.5456 4056 0.0169904 4.38046e-09 83.9583
80000 10000 458.731 3993 0.0233054 6.13087e-09 477.025
80000 10000 74.4255 3993 0.0233054 6.13087e-09 92.8656
80000 10000 692.919 3979 0.0267666 7.06546e-09 711.17
80000 10000 77.3829 3979 0.0267666 7.06546e-09 96.8751
80000 10000 1452.18 3980 0.0311746 8.24643e-09 1471.2
80000 10000 97.5728 3980 0.0311746 8.24643e-09 116.766
80000 10000 2851.09 4037 0.0343435 9.09007e-09 2869.34
80000 10000 101.032 4037 0.0343435 9.09007e-09 120.066
80000 10000 66.6788 919 0.00765551 1.1146e-09 84.768
80000 10000 66.4021 919 0.00765551 1.1146e-09 87.2326
80000 10000 121.048 841 0.00972701 2.24284e-09 139.418
80000 10000 62.1087 841 0.00972701 2.24284e-09 80.2028
80000 10000 234.094 819 0.0170608 4.40752e-09 252.275
80000 10000 70.2343 819 0.0170608 4.40752e-09 88.6623
80000 10000 465.066 817 0.0231755 6.0896e-09 483.364
80000 10000 74.1885 817 0.0231755 6.0896e-09 92.7356
80000 10000 729.432 824 0.0271156 7.15626e-09 747.803
80000 10000 78.4033 824 0.0271156 7.15626e-09 97.381
80000 10000 1501.91 855 0.032028 8.45395e-09 1520.13
80000 10000 94.6719 855 0.032028 8.45395e-09 113.532
80000 10000 3124.25 930 0.0353398 9.29268e-09 3142.78
80000 10000 102.65 930 0.0353398 9.29268e-09 121.661
80000 10000 66.3335 459 0.00791737 1.15413e-09 84.6079
80000 10000 66.4359 459 0.00791737 1.15413e-09 87.1472
80000 10000 121.597 422 0.0097925 2.2525e-09 139.65
80000 10000 61.4793 422 0.0097925 2.2525e-09 79.8556
80000 10000 241.461 415 0.0165943 4.28003e-09 259.735
80000 10000 65.2519 415 0.0165943 4.28003e-09 83.1593
80000 10000 489.138 420 0.0231817 6.09434e-09 507.814
80000 10000 71.7271 420 0.0231817 6.09434e-09 89.9303
80000 10000 760.405 430 0.0274613 7.23217e-09 778.891
80000 10000 75.7926 430 0.0274613 7.23217e-09 94.2849
80000 10000 1598.32 466 0.0319899 8.39586e-09 1617.21
80000 10000 102.189 466 0.0319899 8.39586e-09 120.771
80000 10000 3654.35 546 0.0359642 9.32772e-09 3672.44
80000 10000 117.768 546 0.0359642 9.32772e-09 136.871
80000 10000 68.6888 230 0.00746104 1.08438e-09 87.5827
80000 10000 68.4577 230 0.00746104 1.08438e-09 89.7508
80000 10000 124.058 213 0.0102657 2.22401e-09 143.004
80000 10000 62.9206 213 0.0102657 2.22401e-09 81.168
80000 10000 242.258 213 0.0157735 4.06003e-09 260.621
80000 10000 66.4388 213 0.0157735 4.06003e-09 84.517
80000 10000 526.706 221 0.0248686 6.50696e-09 545.076
80000 10000 81.0504 221 0.0248686 6.50696e-09 99.4576
80000 10000 795.736 233 0.0289824 7.5717e-09 814.737
80000 10000 79.9321 233 0.0289824 7.5717e-09 98.5091
80000 10000 1837.64 272 0.0346017 8.92698e-09 1856.22
80000 10000 117.696 272 0.0346017 8.92698e-09 136.855
80000 10000 4816.96 358 0.0365184 9.14664e-09 4835.48
80000 10000 153.471 358 0.0365184 9.14664e-09 172.593
80000 10000 68.3352 115 0.00746104 1.08438e-09 87.1688
80000 10000 68.9232 115 0.00746104 1.08438e-09 90.3679
80000 10000 127.333 109 0.0085161 1.95451e-09 146.428
80000 10000 64.1971 109 0.0085161 1.95451e-09 83.0438
80000 10000 253.372 111 0.0185541 4.73249e-09 271.683
80000 10000 76.5843 111 0.0185541 4.73249e-09 95.4662
80000 10000 556.08 122 0.0269758 6.95921e-09 574.945
80000 10000 85.4422 122 0.0269758 6.95921e-09 103.9
80000 10000 926.601 135 0.0308866 7.87512e-09 945.698
80000 10000 93.1938 135 0.0308866 7.87512e-09 111.971
80000 10000 2408.49 177 0.0352653 8.71788e-09 2427.63
80000 10000 152.59 177 0.0352653 8.71788e-09 172.113
80000 10000 7205.63 265 0.0401531 9.4682e-09 7224.93
80000 10000 225.743 265 0.0401531 9.4682e-09 245.079
80000 10000 66.2447 46 0.00746104 1.08438e-09 85.6655
80000 10000 66.9566 46 0.00746104 1.08438e-09 87.7454
80000 10000 134.934 46 0.00733162 1.63932e-09 153.455
80000 10000 68.029 46 0.00733162 1.63932e-09 86.6994
80000 10000 297.215 51 0.01424 3.49176e-09 315.93
80000 10000 85.705 51 0.01424 3.49176e-09 104.154
80000 10000 716.869 63 0.0271165 6.55249e-09 735.62
80000 10000 108.273 63 0.0271165 6.55249e-09 126.8
80000 10000 1367.27 77 0.0291121 6.85144e-09 1385.84
80000 10000 139.269 77 0.0291121 6.85144e-09 157.854
80000 10000 4130.41 119 0.0421273 9.45197e-09 4149.35
80000 10000 255.908 119 0.0421273 9.45197e-09 274.339
80000 10000 13997 207 0.0422644 9.14318e-09 14032.9
80000 10000 451.102 207 0.0422644 9.14318e-09 484.942
160000 1000 0.67909 5843 0.0252478 1.10431e-09 4.84248
160000 1000 0.628852 5843 0.0252478 1.10431e-09 5.09805
160000 1000 0.806991 3920 0.0222553 9.76712e-10 4.60679
160000 1000 0.567261 3920 0.0222553 9.76712e-10 4.33845
160000 1000 1.41115 3402 0.0305688 1.47319e-09 5.12607
160000 1000 0.624172 3402 0.0305688 1.47319e-09 4.16204
160000 1000 2.60773 3208 0.0601155 3.05455e-09 6.36952
160000 1000 0.770024 3208 0.0601155 3.05455e-09 4.47347
160000 1000 4.12072 3155 0.0767943 3.90817e-09 7.81765
160000 1000 1.06769 3155 0.0767943 3.90817e-09 4.86502
160000 1000 7.8229 3082 0.121934 6.24368e-09 11.5155
160000 1000 1.27322 3082 0.121934 6.24368e-09 4.84736
160000 1000 15.156 3049 0.150116 7.69599e-09 18.8986
160000 1000 1.70523 3049 0.150116 7.69599e-09 5.52915
160000 1000 0.565987 2922 0.0262982 1.09827e-09 4.32393
160000 1000 0.559368 2922 0.0262982 1.09827e-09 4.78876
160000 1000 0.756043 1961 0.0211244 9.50919e-10 4.48438
160000 1000 0.469268 1961 0.0211244 9.50919e-10 4.16182
160000 1000 1.29706 1703 0.0292397 1.40668e-09 5.05408
160000 1000 0.491148 1703 0.0292397 1.40668e-09 4.12481
160000 1000 2.38862 1607 0.0591388 3.00328e-09 6.12695
160000 1000 0.581469 1607 0.0591388 3.00328e-09 4.21864
160000 1000 3.62228 1578 0.0756943 3.85254e-09 7.35332
160000 1000 0.69862 1578 0.0756943 3.85254e-09 4.48813
160000 1000 6.93253 1543 0.120267 6.15995e-09 10.6565
160000 1000 0.849546 1543 0.120267 6.15995e-09 4.47616
160000 1000 13.3517 1526 0.150482 7.71609e-09 17.1134
160000 1000 1.09802 1526 0.150482 7.71609e-09 4.69022
160000 1000 0.525389 292 0.0253482 1.11621e-09 4.22901
160000 1000 0.538262 292 0.0253482 1.11621e-09 4.76434
160000 1000 0.685228 198 0.0221773 9.97356e-10 4.41512
160000 1000 0.360074 198 0.0221773 9.97356e-10 4.00541
160000 1000 1.16581 172 0.0251343 1.20266e-09 4.90232
160000 1000 0.325401 172 0.0251343 1.20266e-09 3.89176
160000 1000 2.13932 162 0.0541565 2.74664e-09 5.84321
160000 1000 0.377375 162 0.0541565 2.74664e-09 4.11944
160000 1000 3.13089 159 0.0714386 3.63426e-09 6.85291
160000 1000 0.401433 159 0.0714386 3.63426e-09 4.17409
160000 1000 6.20207 156 0.11977 6.13099e-09 10.0872
160000 1000 0.447123 156 0.11977 6.13099e-09 4.08423
160000 1000 11.9302 156 0.147086 7.53998e-09 15.6595
160000 1000 0.455617 156 0.147086 7.53998e-09 4.0988
160000 1000 0.526391 59 0.0210917 8.76706e-10 4.21388
160000 1000 0.540984 59 0.0210917 8.76706e-10 4.79363
160000 1000 0.705263 41 0.0217903 9.74348e-10 4.45201
160000 1000 0.358671 41 0.0217903 9.74348e-10 4.00425
160000 1000 1.1613 35 0.0313211 1.46727e-09 4.90453
160000 1000 0.313279 35 0.0313211 1.46727e-09 3.90387
160000 1000 2.21275 34 0.0281751 1.42858e-09 5.95228
160000 1000 0.370757 34 0.0281751 1.42858e-09 4.11199
160000 1000 3.1928 33 0.0515398 2.61047e-09 6.94546
160000 1000 0.330928 33 0.0515398 2.61047e-09 3.97046
160000 1000 6.24797 33 0.0921403 4.71263e-09 9.9671
160000 1000 0.433703 33 0.0921403 4.71263e-09 4.05409
160000 1000 12.7723 35 0.0798789 4.08857e-09 16.5167
160000 1000 0.429249 35 0.0798789 4.08857e-09 3.99481
160000 1000 0.518481 29 0.0311766 1.36334e-09 4.25608
160000 1000 0.518542 29 0.0311766 1.36334e-09 4.73186
160000 1000 0.725129 21 0.0300601 1.3515e-09 4.45461
160000 1000 0.363465 21 0.0300601 1.3515e-09 4.05249
160000 1000 1.19679 18 0.0308068 1.38357e-09 4.96145
160000 1000 0.332283 18 0.0308068 1.38357e-09 3.91387
160000 1000 2.33874 18 0.0121488 6.08781e-10 6.07826
160000 1000 0.397522 18 0.0121488 6.08781e-10 4.02229
160000 1000 3.24718 17 0.0552345 2.73133e-09 7.00392
160000 1000 0.336207 17 0.0552345 2.73133e-09 4.05323
160000 1000 6.63682 18 0.0392828 1.99799e-09 10.3968
160000 1000 0.447566 18 0.0392828 1.99799e-09 4.08765
160000 1000 13.9042 19 0.124925 6.35084e-09 17.6966
160000 1000 0.453721 19 0.124925 6.35084e-09 4.03589
160000 1000 0.554491 15 0.0119972 5.029e-10 4.3574
160000 1000 0.551369 15 0.0119972 5.029e-10 4.85896
160000 1000 0.830489 12 0.00584585 2.467e-10 4.60536
160000 1000 0.428489 12 0.00584585 2.467e-10 4.14755
160000 1000 1.36572 10 0.0141025 6.32738e-10 5.12906
160000 1000 0.355576 10 0.0141025 6.32738e-10 3.94502
160000 1000 2.57496 10 0.00282586 1.35343e-10 6.43668
160000 1000 0.394975 10 0.00282586 1.35343e-10 4.0503
160000 1000 3.80843 10 0.00358256 1.75277e-10 7.68215
160000 1000 0.448346 10 0.00358256 1.75277e-10 4.15628
160000 1000 7.37976 10 0.0306851 1.54539e-09 11.2829
160000 1000 0.490325 10 0.0306851 1.54539e-09 4.0863
160000 1000 16.8011 12 0.021083 1.05924e-09 20.6229
160000 1000 0.552937 12 0.021083 1.05924e-09 4.16112
160000 1000 0.576093 8 0.00174272 7.57143e-11 4.36171
160000 1000 0.624905 8 0.00174272 7.57143e-11 4.94209
160000 1000 0.96201 7 0.000739963 3.25012e-11 4.81088
160000 1000 0.482358 7 0.000739963 3.25012e-11 4.12561
160000 1000 1.55829 6 0.00235534 1.04531e-10 5.37492
160000 1000 0.426908 6 0.00235534 1.04531e-10 3.98594
160000 1000 3.04781 6 0.000360469 1.60209e-11 6.86036
160000 1000 0.461906 6 0.000360469 1.60209e-11 4.16261
160000 1000 4.49131 6 0.000398129 1.87944e-11 8.28076
160000 1000 0.467874 6 0.000398129 1.87944e-11 4.10258
160000 1000 8.57367 6 0.0108661 5.3289e-10 12.3651
160000 1000 0.585512 6 0.0108661 5.3289e-10 4.21428
160000 1000 19.3701 7 0.135683 6.61603e-09 23.1659
160000 1000 0.637499 7 0.135683 6.61603e-09 4.20115
160000 1000 0.548585 3 0.0119972 5.029e-10 4.30865
160000 1000 0.561784 3 0.0119972 5.029e-10 4.92951
160000 1000 1.04885 3 0.00159187 6.68989e-11 4.87625
160000 1000 0.517486 3 0.00159187 6.68989e-11 4.20051
160000 1000 1.92963 3 0.000422237 1.82155e-11 5.76509
160000 1000 0.530813 3 0.000422237 1.82155e-11 4.15806
160000 1000 3.71133 3 0.000199954 8.78176e-12 7.51718
160000 1000 0.658156 3 0.000199954 8.78176e-12 4.35701
160000 1000 5.4087 3 0.000349673 1.53366e-11 9.26317
160000 1000 0.582385 3 0.000349673 1.53366e-11 4.25359
160000 1000 10.517 3 0.0187793 8.73931e-10 14.36
160000 1000 0.726089 3 0.0187793 8.73931e-10 4.32041
160000 1000 27.5424 4 0.11654 5.48373e-09 31.3409
160000 1000 0.910016 4 0.11654 5.48373e-09 4.52881
160000 4000 9.92019 25484 0.023454 1.05507e-09 25.7191
160000 4000 9.24029 25484 0.023454 1.05507e-09 26.6701
160000 4000 13.6362 18316 0.0230461 1.2107e-09 28.7903
160000 4000 8.81141 18316 0.0230461 1.2107e-09 23.516
160000 4000 24.0584 16776 0.0339724 2.09533e-09 38.646
160000 4000 10.4339 16776 0.0339724 2.09533e-09 24.5646
160000 4000 45.8918 16125 0.0656748 4.21705e-09 60.4049
160000 4000 11.9657 16125 0.0656748 4.21705e-09 26.3712
160000 4000 74.6891 15957 0.0778485 5.03593e-09 89.3847
160000 4000 15.6961 15957 0.0778485 5.03593e-09 30.2776
160000 4000 157.919 15732 0.107962 7.01958e-09 172.498
160000 4000 21.1314 15732 0.107962 7.01958e-09 35.7492
160000 4000 297.666 15641 0.129264 8.43273e-09 313.022
160000 4000 25.3661 15641 0.129264 8.43273e-09 40.2277
160000 4000 9.40195 12742 0.023454 1.05507e-09 24.7126
160000 4000 9.16814 12742 0.023454 1.05507e-09 26.5743
160000 4000 12.298 9162 0.0230103 1.22561e-09 27.2165
160000 4000 7.38533 9162 0.0230103 1.22561e-09 21.8849
160000 4000 22.0572 8397 0.0333791 2.05038e-09 37.0203
160000 4000 7.78031 8397 0.0333791 2.05038e-09 22.0657
160000 4000 42.4124 8068 0.0641184 4.12048e-09 57.2633
160000 4000 8.7623 8068 0.0641184 4.12048e-09 23.2951
160000 4000 65.8772 7980 0.0774335 5.00647e-09 80.7214
160000 4000 11.4816 7980 0.0774335 5.00647e-09 26.2792
160000 4000 132.097 7873 0.10729 6.97374e-09 147.529
160000 4000 14.6861 7873 0.10729 6.97374e-09 29.4767
160000 4000 260.008 7830 0.129072 8.42206e-09 275.318
160000 4000 16.7333 7830 0.129072 8.42206e-09 31.6657
160000 4000 8.29216 1274 0.0237657 1.06218e-09 23.4466
160000 4000 7.72851 1274 0.0237657 1.06218e-09 24.7201
160000 4000 11.5616 920 0.0242161 1.19723e-09 26.737
160000 4000 5.84304 920 0.0242161 1.19723e-09 20.4065
160000 4000 20.1555 843 0.0316704 1.93649e-09 35.0602
160000 4000 5.74519 843 0.0316704 1.93649e-09 20.2457
160000 4000 39.7399 811 0.0611718 3.93293e-09 54.8938
160000 4000 5.80565 811 0.0611718 3.93293e-09 20.2195
160000 4000 57.8052 803 0.075309 4.87274e-09 72.8443
160000 4000 6.47792 803 0.075309 4.87274e-09 21.2925
160000 4000 114.245 795 0.107021 6.95843e-09 129.16
160000 4000 8.15225 795 0.107021 6.95843e-09 22.8198
160000 4000 227.059 799 0.129847 8.4704e-09 242.296
160000 4000 8.30613 799 0.129847 8.4704e-09 22.9151
160000 4000 7.67324 255 0.0238233 1.03768e-09 22.4727
160000 4000 7.81324 255 0.0238233 1.03768e-09 24.7904
160000 4000 11.1216 185 0.0234733 1.22671e-09 25.9524
160000 4000 5.60996 185 0.0234733 1.22671e-09 20.2024
160000 4000 20.1499 170 0.0311575 1.89968e-09 35.1323
160000 4000 6.40088 170 0.0311575 1.89968e-09 20.5976
160000 4000 39.1163 165 0.0565598 3.63216e-09 53.9397
160000 4000 6.25834 165 0.0565598 3.63216e-09 20.8177
160000 4000 57.7865 164 0.0753078 4.8672e-09 72.6849
160000 4000 6.26512 164 0.0753078 4.8672e-09 21.0122
160000 4000 115.5 166 0.107991 7.0184e-09 130.377
160000 4000 7.66412 166 0.107991 7.0184e-09 22.1849
160000 4000 240.685 174 0.130995 8.52562e-09 255.766
160000 4000 7.92763 174 0.130995 8.52562e-09 22.5167
160000 4000 7.68855 128 0.020686 9.42605e-10 22.5148
160000 4000 7.72644 128 0.020686 9.42605e-10 24.5571
160000 4000 11.1893 94 0.0201096 9.72551e-10 26.0358
160000 4000 5.65798 94 0.0201096 9.72551e-10 20.0566
160000 4000 20.3239 86 0.0295174 1.75985e-09 35.238
160000 4000 6.0743 86 0.0295174 1.75985e-09 20.8045
160000 4000 39.3458 84 0.0565 3.6327e-09 54.1015
160000 4000 5.75916 84 0.0565 3.6327e-09 20.1602
160000 4000 58.555 84 0.0772141 4.95718e-09 73.3417
160000 4000 6.47547 84 0.0772141 4.95718e-09 21.3027
160000 4000 121.597 88 0.0902123 5.84618e-09 136.409
160000 4000 8.01313 88 0.0902123 5.84618e-09 22.8212
160000 4000 263.233 96 0.136386 8.83006e-09 278.181
160000 4000 8.58001 96 0.136386 8.83006e-09 23.4352
160000 4000 7.81811 64 0.020686 9.42605e-10 22.7479
160000 4000 7.72069 64 0.020686 9.42605e-10 24.6566
160000 4000 11.1929 47 0.0325883 1.5241e-09 26.1633
160000 4000 5.66776 47 0.0325883 1.5241e-09 20.3906
160000 4000 20.8619 44 0.0252116 1.50767e-09 35.9525
160000 4000 5.63062 44 0.0252116 1.50767e-09 19.9311
160000 4000 41.2261 44 0.0391304 2.49944e-09 56.4614
160000 4000 6.11 44 0.0391304 2.49944e-09 20.7244
160000 4000 61.1517 44 0.083954 5.39086e-09 76.0802
160000 4000 6.54463 44 0.083954 5.39086e-09 21.246
160000 4000 134.951 49 0.0714083 4.59889e-09 149.948
160000 4000 9.01756 49 0.0714083 4.59889e-09 23.918
160000 4000 314.081 58 0.0995722 6.36142e-09 329.163
160000 4000 10.276 58 0.0995722 6.36142e-09 25.3378
160000 4000 7.71059 32 0.020686 9.42605e-10 22.8321
160000 4000 7.91632 32 0.020686 9.42605e-10 25.0718
160000 4000 11.3887 24 0.0403466 2.03172e-09 26.3626
160000 4000 5.72294 24 0.0403466 2.03172e-09 20.2505
160000 4000 21.6535 23 0.0200635 1.17471e-09 36.8326
160000 4000 6.12588 23 0.0200635 1.17471e-09 20.6047
160000 4000 43.0086 23 0.0616252 3.88154e-09 58.1509
160000 4000 6.17698 23 0.0616252 3.88154e-09 20.7186
160000 4000 69.0228 25 0.0332227 2.1102e-09 83.997
160000 4000 8.13263 25 0.0332227 2.1102e-09 22.8905
160000 4000 171.423 29 0.0712914 4.50233e-09 186.72
160000 4000 10.4136 29 0.0712914 4.50233e-09 25.1661
160000 4000 411.188 38 0.118341 7.33041e-09 426.447
160000 4000 13.3811 38 0.118341 7.33041e-09 28.2356
160000 4000 7.93435 13 0.0128923 5.9737e-10 22.7696
160000 4000 7.83433 13 0.0128923 5.9737e-10 24.7409
160000 4000 13.8352 11 0.00772782 3.70859e-10 29.1207
160000 4000 6.71494 11 0.00772782 3.70859e-10 21.2395
160000 4000 25.6827 11 0.00197954 1.076e-10 40.6333
160000 4000 6.89908 11 0.00197954 1.076e-10 21.1416
160000 4000 51.3611 11 0.0337007 2.03527e-09 66.2544
160000 4000 7.98024 11 0.0337007 2.03527e-09 22.4934
160000 4000 87.9123 12 0.0763904 4.60548e-09 103.21
160000 4000 9.23132 12 0.0763904 4.60548e-09 23.9565
160000 4000 236.757 17 0.0303246 1.81251e-09 251.985
160000 4000 15.3065 17 0.0303246 1.81251e-09 29.8685
160000 4000 702.312 26 0.0670349 3.9348e-09 717.216
160000 4000 22.7741 26 0.0670349 3.9348e-09 37.3315
160000 10000 66.9721 71853 0.0212261 1.05101e-09 106.754
160000 10000 58.651 71853 0.0212261 1.05101e-09 101.147
160000 10000 107.451 59074 0.0199357 1.45049e-09 143.88
160000 10000 70.5412 59074 0.0199357 1.45049e-09 107.726
160000 10000 200.818 56324 0.0348195 2.95447e-09 238.614
160000 10000 80.0938 56324 0.0348195 2.95447e-09 116.078
160000 10000 385.119 54697 0.0552334 4.842e-09 422.882
160000 10000 93.3249 54697 0.0552334 4.842e-09 130.178
160000 10000 643.837 54089 0.0652555 5.7363e-09 682.799
160000 10000 133.671 54089 0.0652555 5.7363e-09 170.875
160000 10000 1231.73 53596 0.0852635 7.53331e-09 1270.28
160000 10000 173.888 53596 0.0852635 7.53331e-09 211.2
160000 10000 2444.03 53253 0.0975025 8.62217e-09 2482.68
160000 10000 202.853 53253 0.0975025 8.62217e-09 241.546
160000 10000 59.4802 35926 0.0207116 1.05171e-09 97.5415
160000 10000 55.2446 35926 0.0207116 1.05171e-09 97.9771
160000 10000 99.1701 29561 0.0199505 1.43111e-09 135.562
160000 10000 57.5913 29561 0.0199505 1.43111e-09 94.0833
160000 10000 181.7 28172 0.0345811 2.94089e-09 218.382
160000 10000 62.0609 28172 0.0345811 2.94089e-09 98.9757
160000 10000 351.245 27366 0.0550142 4.82284e-09 389.086
160000 10000 69.6674 27366 0.0550142 4.82284e-09 106.481
160000 10000 581.6 27057 0.0648624 5.70113e-09 619.407
160000 10000 88.9697 27057 0.0648624 5.70113e-09 126.474
160000 10000 1075.08 26822 0.0848244 7.49768e-09 1113.15
160000 10000 120.8 26822 0.0848244 7.49768e-09 158.43
160000 10000 2200.25 26659 0.0971002 8.58558e-09 2239.05
160000 10000 134.861 26659 0.0971002 8.58558e-09 172.61
160000 10000 53.0573 3593 0.0221578 1.04819e-09 91.2724
160000 10000 55.6302 3593 0.0221578 1.04819e-09 98.59
160000 10000 86.8566 2964 0.0194589 1.41639e-09 123.671
160000 10000 45.3546 2964 0.0194589 1.41639e-09 82.3069
160000 10000 165.405 2825 0.0337499 2.86986e-09 201.687
160000 10000 49.2841 2825 0.0337499 2.86986e-09 85.9704
160000 10000 321.353 2750 0.0534951 4.68999e-09 358.371
160000 10000 51.0403 2750 0.0534951 4.68999e-09 87.446
160000 10000 475.693 2719 0.0643106 5.64368e-09 512.746
160000 10000 53.3442 2719 0.0643106 5.64368e-09 90.3541
160000 10000 940.243 2708 0.0845699 7.47948e-09 977.216
160000 10000 67.5877 2708 0.0845699 7.47948e-09 104.069
160000 10000 2008.6 2717 0.0965769 8.53652e-09 2047.1
160000 10000 69.1216 2717 0.0965769 8.53652e-09 107.316
160000 10000 55.8698 719 0.0203578 1.02771e-09 93.9755
160000 10000 53.0178 719 0.0203578 1.02771e-09 96.2069
160000 10000 88.366 595 0.0191769 1.37918e-09 126.082
160000 10000 44.1254 595 0.0191769 1.37918e-09 81.1621
160000 10000 164.189 568 0.0344774 2.92083e-09 201.3
160000 10000 44.7498 568 0.0344774 2.92083e-09 80.6851
160000 10000 317.941 557 0.053301 4.6743e-09 354.739
160000 10000 46.8003 557 0.053301 4.6743e-09 83.2968
160000 10000 474.373 555 0.0633976 5.56846e-09 511.221
160000 10000 51.8827 555 0.0633976 5.56846e-09 88.9343
160000 10000 958.508 564 0.0835662 7.38187e-09 995.153
160000 10000 63.6669 564 0.0835662 7.38187e-09 101.116
160000 10000 1986.01 589 0.0973899 8.59441e-09 2024.25
160000 10000 65.8805 589 0.0973899 8.59441e-09 104.298
160000 10000 52.7946 359 0.0215347 1.07446e-09 127.154
160000 10000 52.1413 359 0.0215347 1.07446e-09 93.6739
160000 10000 86.9573 298 0.0197182 1.42524e-09 124.156
160000 10000 44.0661 298 0.0197182 1.42524e-09 80.8998
160000 10000 164.091 286 0.0338631 2.86278e-09 201.066
160000 10000 48.0983 286 0.0338631 2.86278e-09 84.7831
160000 10000 322.88 283 0.053623 4.70048e-09 359.621
160000 10000 48.0019 283 0.053623 4.70048e-09 85.6867
160000 10000 512.176 284 0.0645147 5.66372e-09 549.693
160000 10000 51.915 284 0.0645147 5.66372e-09 88.5545
160000 10000 1004.18 296 0.0846837 7.46559e-09 1040.97
160000 10000 66.3106 296 0.0846837 7.46559e-09 104.056
160000 10000 2173.91 323 0.105317 9.25337e-09 2211.46
160000 10000 70.9559 323 0.105317 9.25337e-09 108.445
160000 10000 55.5682 180 0.0197566 9.79687e-10 94.5356
160000 10000 54.3289 180 0.0197566 9.79687e-10 97.7449
160000 10000 87.2796 150 0.0212293 1.39781e-09 124.188
160000 10000 43.7986 150 0.0212293 1.39781e-09 80.2736
160000 10000 166.005 145 0.0331973 2.79246e-09 202.605
160000 10000 45.2737 145 0.0331973 2.79246e-09 81.4288
160000 10000 332.951 146 0.0524833 4.59399e-09 369.411
160000 10000 51.0961 146 0.0524833 4.59399e-09 88.3646
160000 10000 506.141 149 0.0632204 5.53822e-09 543.184
160000 10000 56.6207 149 0.0632204 5.53822e-09 93.4538
160000 10000 1093.07 162 0.0903998 7.92318e-09 1130
160000 10000 71.2982 162 0.0903998 7.92318e-09 108.26
160000 10000 2618.3 192 0.104614 9.07767e-09 2657.11
160000 10000 84.3128 192 0.104614 9.07767e-09 121.583
160000 10000 52.3909 90 0.0197566 9.79687e-10 90.2259
160000 10000 52.1502 90 0.0197566 9.79687e-10 93.746
160000 10000 88.4567 76 0.0192805 1.35869e-09 125.201
160000 10000 44.699 76 0.0192805 1.35869e-09 81.3796
160000 10000 171.67 75 0.0275408 2.28041e-09 208.526
160000 10000 50.8776 75 0.0275408 2.28041e-09 87.5732
160000 10000 350.307 77 0.0591967 5.15273e-09 387.163
160000 10000 57.2522 77 0.0591967 5.15273e-09 95.1732
160000 10000 550.304 81 0.0730693 6.34812e-09 587.399
160000 10000 60.3007 81 0.0730693 6.34812e-09 97.548
160000 10000 1293.67 96 0.0851773 7.33788e-09 1330.77
160000 10000 84.3734 96 0.0851773 7.33788e-09 122.625
160000 10000 3484.2 127 0.113705 9.57983e-09 3521.98
160000 10000 111.668 127 0.113705 9.57983e-09 149.398
160000 10000 53.1977 36 0.0197566 9.79687e-10 91.2029
160000 10000 52.2475 36 0.0197566 9.79687e-10 93.9906
160000 10000 92.9746 32 0.0131846 8.61874e-10 130.173
160000 10000 46.9208 32 0.0131846 8.61874e-10 83.9031
160000 10000 218.12 33 0.0162561 1.33939e-09 256.346
160000 10000 51.6092 33 0.0162561 1.33939e-09 87.9302
160000 10000 409.061 36 0.061304 5.17874e-09 446.282
160000 10000 62.4899 36 0.061304 5.17874e-09 99.2423
160000 10000 704.757 41 0.0590866 4.93915e-09 743.559
160000 10000 70.1559 41 0.0590866 4.93915e-09 107.775
160000 10000 1886.74 56 0.0904841 7.36464e-09 1924.54
160000 10000 124.994 56 0.0904841 7.36464e-09 162.599
160000 10000 5885.02 88 0.119605 9.46727e-09 5923.29
160000 10000 190.395 88 0.119605 9.46727e-09 231.017