4000 1000 1.20319 15309 0.00042509 3.60055e-09 4.47906
4000 1000 1.82208 14667 0.000510953 5.14306e-09 6.23685
4000 1000 2.7934 14375 0.000729442 7.79124e-09 2.91071
4000 1000 4.05679 14230 0.000789548 8.48835e-09 4.18582
4000 1000 4.63678 14249 0.000806088 8.67325e-09 4.77685
4000 1000 8.32716 14271 0.000882057 9.51216e-09 13.6056
4000 1000 9.88391 14427 0.000900302 9.68438e-09 14.936
4000 1000 1.12853 7654 0.000424907 3.60432e-09 3.96807
4000 1000 1.48694 7332 0.000517191 5.16231e-09 1.61538
4000 1000 1.95273 7202 0.000730673 7.79039e-09 2.0715
4000 1000 2.67141 7160 0.00078626 8.45865e-09 2.79767
4000 1000 2.90087 7185 0.00079862 8.58177e-09 3.07958
4000 1000 4.76934 7250 0.000881878 9.50724e-09 4.93659
4000 1000 5.78105 7441 0.000901249 9.67277e-09 6.00832
4000 1000 1.06945 766 0.000415928 3.54068e-09 3.95176
4000 1000 1.09151 744 0.000509013 5.11794e-09 1.21539
4000 1000 1.18249 748 0.000734955 7.83031e-09 1.3002
4000 1000 1.28991 774 0.000798415 8.51138e-09 5.92195
4000 1000 1.41005 817 0.000788403 8.34357e-09 1.59236
4000 1000 1.8851 929 0.000914596 9.50935e-09 7.80645
4000 1000 2.50563 1184 0.00098054 9.70717e-09 2.73235
4000 1000 1.07589 153 0.000435046 3.65095e-09 3.92901
4000 1000 1.14843 158 0.000489215 4.81765e-09 5.25162
4000 1000 1.2543 173 0.000817257 8.39991e-09 1.37052
4000 1000 1.54831 211 0.00082514 8.07362e-09 5.7246
4000 1000 1.94322 254 0.000907455 8.57493e-09 2.07866
4000 1000 3.02158 381 0.00113046 9.77022e-09 3.18977
4000 1000 5.11853 651 0.00125047 9.81067e-09 5.35251
4000 1000 1.08902 77 0.000368909 3.09602e-09 4.26394
4000 1000 1.21003 84 0.00054313 5.25662e-09 1.32932
4000 1000 1.48662 102 0.000776475 7.36463e-09 1.6064
4000 1000 2.04158 141 0.00099771 8.6264e-09 2.17154
4000 1000 2.67571 184 0.00100798 8.46749e-09 2.82468
4000 1000 4.6517 311 0.00120189 9.33221e-09 4.86605
4000 1000 8.49377 573 0.00137028 9.94636e-09 12.7143
4000 1000 1.06867 38 0.00049957 4.21906e-09 3.88289
4000 1000 1.38592 47 0.000467183 4.03878e-09 5.32386
4000 1000 1.85578 65 0.000987805 8.0115e-09 1.97658
4000 1000 3.01717 104 0.0012617 9.29625e-09 3.14715
4000 1000 4.21013 146 0.00125536 9.31592e-09 4.34792
4000 1000 8.0076 270 0.00138941 9.82999e-09 8.17473
4000 1000 15.3434 526 0.0014162 9.71379e-09 15.5772
4000 1000 1.07173 19 0.00049957 4.21906e-09 3.91775
4000 1000 1.54058 27 0.000871659 6.58763e-09 1.66376
4000 1000 2.61731 45 0.00147986 9.78217e-09 2.73087
4000 1000 4.81633 84 0.00140013 8.83746e-09 8.99765
4000 1000 7.17694 125 0.00132939 8.87792e-09 7.31475
4000 1000 14.0661 246 0.00151921 1.00263e-08 18.5265
4000 1000 28.1806 496 0.00152077 1.00388e-08 32.7822
4000 1000 1.11135 8 0.00014683 1.26814e-09 4.06441
4000 1000 2.01354 14 0.00120319 6.74876e-09 6.02574
4000 1000 4.39035 31 0.00168686 8.96907e-09 8.47029
4000 1000 9.7965 69 0.00188944 1.04443e-08 9.92198
4000 1000 15.8262 109 0.00151607 9.18443e-09 15.9601
4000 1000 32.1951 229 0.00156997 9.79236e-09 36.0308
4000 1000 67.5338 476 0.0015419 9.90494e-09 67.7692
20000 1000 0.547488 6378 0.00330423 1.24487e-09 3.8606
20000 1000 0.677649 5049 0.00249948 1.31001e-09 1.20556
20000 1000 0.961792 4728 0.00426758 2.59744e-09 1.43872
20000 1000 1.30842 4617 0.00751323 4.78851e-09 1.78961
20000 1000 1.48881 4552 0.00864682 5.49443e-09 1.95193
20000 1000 2.59184 4483 0.0117031 7.47194e-09 3.09195
20000 1000 3.18125 4481 0.0133473 8.5211e-09 3.85994
20000 1000 0.521771 3189 0.00330423 1.24487e-09 1.07841
20000 1000 0.547833 2528 0.00241298 1.24239e-09 1.04068
20000 1000 0.679175 2366 0.00429848 2.58603e-09 1.14186
20000 1000 0.863291 2312 0.00734537 4.66595e-09 1.30036
20000 1000 0.93543 2282 0.00859244 5.46425e-09 1.38141
20000 1000 1.44382 2253 0.0116944 7.47071e-09 1.91359
20000 1000 1.76347 2261 0.0132737 8.47141e-09 2.26701
20000 1000 0.557532 319 0.00326132 1.23629e-09 1.11668
20000 1000 0.421666 255 0.00240115 1.241e-09 0.91191
20000 1000 0.410259 240 0.00424526 2.58141e-09 0.864164
20000 1000 0.417086 237 0.00728366 4.62579e-09 0.858078
20000 1000 0.41737 236 0.00884163 5.60329e-09 0.884763
20000 1000 0.515083 243 0.0120152 7.64763e-09 0.983604
20000 1000 0.591039 261 0.0141444 8.96342e-09 1.11444
20000 1000 0.49159 64 0.00290876 1.14114e-09 1.03476
20000 1000 0.400108 52 0.00292541 1.47481e-09 0.876317
20000 1000 0.372981 50 0.0050144 3.03204e-09 0.822229
20000 1000 0.397716 52 0.00815181 5.12898e-09 0.836721
20000 1000 0.421778 55 0.00839731 5.27789e-09 0.856842
20000 1000 0.52907 65 0.0108723 6.73067e-09 0.980743
20000 1000 0.733771 86 0.0134023 8.09615e-09 1.20499
20000 1000 0.496903 32 0.00290876 1.14114e-09 1.04225
20000 1000 0.424817 27 0.0022895 1.08663e-09 0.935852
20000 1000 0.415534 27 0.0028615 1.69727e-09 0.868267
20000 1000 0.465129 29 0.00776612 4.78865e-09 0.912428
20000 1000 0.48092 32 0.00955548 5.83745e-09 0.931977
20000 1000 0.644471 42 0.0148646 8.83886e-09 1.09347
20000 1000 1.00661 64 0.0137077 7.91822e-09 1.50859
20000 1000 0.540599 16 0.00290876 1.14114e-09 1.13626
20000 1000 0.428834 14 0.00295453 1.38031e-09 0.902658
20000 1000 0.448626 15 0.00230142 1.32598e-09 0.89642
20000 1000 0.541349 18 0.00286435 1.6922e-09 0.979264
20000 1000 0.615173 21 0.00430868 2.48254e-09 1.05023
20000 1000 0.905775 30 0.0186504 1.04661e-08 1.36216
20000 1000 1.66362 52 0.0144761 8.02812e-09 2.14367
20000 1000 0.521946 8 0.00290876 1.14114e-09 1.08312
20000 1000 0.486879 8 0.000622121 2.77941e-10 0.97589
20000 1000 0.535118 9 0.000574519 3.00067e-10 0.986665
20000 1000 0.64149 11 0.00708659 3.81821e-09 1.07907
20000 1000 0.821534 14 0.00761157 4.03855e-09 1.26063
20000 1000 1.40863 24 0.00993695 5.24925e-09 1.8519
20000 1000 2.66826 45 0.0144093 7.74656e-09 3.15808
20000 1000 0.622814 4 2.73501e-06 1.06901e-12 1.17372
20000 1000 0.612747 4 1.6539e-05 7.01794e-12 1.10396
20000 1000 0.764382 5 2.47946e-05 1.16956e-11 1.23072
20000 1000 1.0516 7 0.000882002 4.2617e-10 1.48957
20000 1000 1.31054 9 0.00899809 4.32972e-09 1.77437
20000 1000 2.8148 19 0.00696767 3.45801e-09 3.26977
20000 1000 5.93268 40 0.0116148 6.07034e-09 6.41218
20000 4000 16.1893 50618 0.00176946 1.90931e-09 18.7694
20000 4000 22.0436 47686 0.00210304 3.06306e-09 23.9109
20000 4000 29.1787 46449 0.00327892 5.24676e-09 30.926
20000 4000 36.0247 45609 0.00428418 6.9581e-09 37.7524
20000 4000 49.437 45558 0.00482284 7.87451e-09 51.1609
20000 4000 55.2043 45377 0.0054741 8.95266e-09 57.0234
20000 4000 60.6294 45436 0.0056919 9.33167e-09 62.6984
20000 4000 15.4703 25309 0.00176946 1.90931e-09 17.5483
20000 4000 18.139 23857 0.00211924 3.03288e-09 19.9705
20000 4000 21.1693 23257 0.00327433 5.22981e-09 22.8589
20000 4000 24.8542 22822 0.00427907 6.92424e-09 26.4989
20000 4000 31.2618 22836 0.00480005 7.84315e-09 32.9492
20000 4000 34.3229 22779 0.00546635 8.94341e-09 37.3491
20000 4000 37.2314 22893 0.00568986 9.33186e-09 38.9
20000 4000 14.9676 2531 0.00180059 1.90776e-09 17.0692
20000 4000 14.7106 2395 0.0020526 3.00288e-09 16.5363
20000 4000 14.5985 2344 0.0032649 5.1641e-09 16.2976
20000 4000 14.7697 2327 0.00419744 6.80797e-09 16.3869
20000 4000 16.2524 2352 0.00478724 7.8249e-09 17.9515
20000 4000 16.2661 2417 0.0054753 8.94197e-09 17.956
20000 4000 17.6831 2582 0.00578406 9.4412e-09 19.3549
20000 4000 14.5928 506 0.00177323 1.92404e-09 16.6747
20000 4000 14.3809 485 0.00203046 2.99409e-09 16.2285
20000 4000 14.3368 486 0.00311232 4.94043e-09 16.0917
20000 4000 14.9704 503 0.00431572 6.96581e-09 16.6392
20000 4000 15.899 531 0.00488213 7.90187e-09 17.5742
20000 4000 18.0903 612 0.00565556 9.02486e-09 19.7152
20000 4000 23.5547 793 0.00619219 9.56174e-09 25.2551
20000 4000 14.6133 253 0.00177323 1.92404e-09 16.7195
20000 4000 14.356 246 0.00221305 3.25789e-09 16.1601
20000 4000 14.8033 254 0.00299393 4.72092e-09 16.4805
20000 4000 16.2184 276 0.00460213 7.34334e-09 17.8531
20000 4000 18.0236 305 0.00511646 8.12357e-09 19.6644
20000 4000 22.4686 390 0.00612228 9.31448e-09 24.1247
20000 4000 33.5786 576 0.00677608 9.68434e-09 35.2858
20000 4000 14.6842 127 0.00161291 1.7388e-09 16.7679
20000 4000 14.7337 127 0.00209266 3.06485e-09 16.5483
20000 4000 15.9124 137 0.00337992 5.25711e-09 17.5728
20000 4000 18.9224 163 0.00506712 7.76491e-09 20.5513
20000 4000 22.3354 192 0.00602705 9.02323e-09 23.9886
20000 4000 32.2957 281 0.00679994 9.45798e-09 33.9563
20000 4000 53.2186 465 0.00753473 9.82415e-09 54.946
20000 4000 14.5239 63 0.0022317 2.11998e-09 16.6041
20000 4000 15.5887 67 0.00230367 3.27514e-09 17.4006
20000 4000 18.4953 79 0.00371389 5.47352e-09 20.1812
20000 4000 24.8529 107 0.00533273 7.44133e-09 26.5119
20000 4000 31.681 136 0.00667294 8.97363e-09 33.3348
20000 4000 50.923 225 0.00753799 9.45011e-09 52.6057
20000 4000 91.8724 403 0.00839778 1.01687e-08 93.5422
20000 4000 15.0435 26 0.000894853 9.66563e-10 17.1235
20000 4000 18.0314 31 0.00180354 2.36389e-09 19.8924
20000 4000 24.9559 43 0.00579165 7.14498e-09 26.6554
20000 4000 40.7415 71 0.00751887 8.85877e-09 42.4009
20000 4000 57.305 100 0.00754858 8.69793e-09 58.9595
20000 4000 105.601 187 0.00816027 9.23073e-09 107.227
20000 4000 203.552 358 0.00881538 9.98997e-09 205.216
40000 1000 0.540246 6052 0.00639643 1.08514e-09 1.80841
40000 1000 0.614723 4382 0.00575948 1.22139e-09 1.64344
40000 1000 0.83407 4000 0.0101667 2.4991e-09 1.75502
40000 1000 1.11303 3824 0.0179754 4.58967e-09 1.99506
40000 1000 1.25198 3792 0.0236075 6.10923e-09 2.14625
40000 1000 2.16125 3754 0.0292064 7.58798e-09 3.15654
40000 1000 2.63816 3727 0.0332427 8.63296e-09 3.82396
40000 1000 0.518522 3026 0.00639643 1.08514e-09 1.60568
40000 1000 0.496653 2196 0.00581304 1.19705e-09 1.45125
40000 1000 0.584127 2000 0.0103194 2.53583e-09 1.47076
40000 1000 0.712857 1915 0.0173827 4.44025e-09 1.58451
40000 1000 0.787426 1899 0.0231345 5.98493e-09 1.62421
40000 1000 1.26581 1882 0.029209 7.59394e-09 2.12115
40000 1000 1.38128 1873 0.0330031 8.57073e-09 2.30147
40000 1000 0.514669 303 0.00573499 1.04391e-09 1.63888
40000 1000 0.397148 222 0.00524211 1.11711e-09 1.38827
40000 1000 0.359913 202 0.00964274 2.37377e-09 1.24798
40000 1000 0.396048 195 0.0156242 3.96604e-09 1.2623
40000 1000 0.358252 194 0.0221478 5.72348e-09 1.216
40000 1000 0.410172 196 0.028911 7.5154e-09 1.27044
40000 1000 0.432813 203 0.0315475 8.17481e-09 1.33518
40000 1000 0.48987 61 0.00532328 9.17107e-10 1.57974
40000 1000 0.362061 46 0.004359 9.08016e-10 1.28608
40000 1000 0.341758 42 0.00785171 1.92496e-09 1.23261
40000 1000 0.316338 41 0.0169894 4.31432e-09 1.14684
40000 1000 0.345333 42 0.0238667 6.14917e-09 1.2287
40000 1000 0.377369 46 0.0288521 7.43926e-09 1.26988
40000 1000 0.445816 55 0.0290584 7.42099e-09 1.3724
40000 1000 0.566602 30 0.00773209 1.35479e-09 1.72215
40000 1000 0.406269 24 0.00308024 6.17406e-10 1.39432
40000 1000 0.359078 22 0.00612673 1.48124e-09 1.26908
40000 1000 0.344593 22 0.0129157 3.23587e-09 1.20396
40000 1000 0.350002 23 0.0228895 5.83345e-09 1.1956
40000 1000 0.416537 27 0.0334662 8.47939e-09 1.26864
40000 1000 0.546005 36 0.0373437 9.2962e-09 1.46148
40000 1000 0.545325 15 0.00773209 1.35479e-09 1.71396
40000 1000 0.425114 13 0.00136063 2.61846e-10 1.39755
40000 1000 0.391458 12 0.0029427 6.81145e-10 1.29137
40000 1000 0.390532 13 0.00266831 6.47255e-10 1.25032
40000 1000 0.42819 14 0.00711564 1.75788e-09 1.2785
40000 1000 0.599839 18 0.01346 3.29069e-09 1.46791
40000 1000 0.81016 27 0.018953 4.56708e-09 1.71009
40000 1000 0.562681 8 0.00121075 2.1538e-10 1.69398
40000 1000 0.448745 7 0.0015056 2.74462e-10 1.42395
40000 1000 0.431136 7 0.000830139 1.73007e-10 1.31373
40000 1000 0.491886 8 0.000670862 1.55081e-10 1.35804
40000 1000 0.547289 9 0.00230796 5.42005e-10 1.38745
40000 1000 0.709704 12 0.0311537 7.22031e-09 1.54589
40000 1000 1.23032 21 0.0221556 5.1467e-09 2.09874
40000 1000 0.591242 3 0.00773209 1.35479e-09 1.73263
40000 1000 0.474744 3 0.00351719 6.49229e-10 1.40519
40000 1000 0.626587 4 1.87242e-06 3.60769e-13 1.52217
40000 1000 0.598997 4 0.00147016 3.15594e-10 1.45354
40000 1000 0.726123 5 0.00240986 5.24573e-10 1.55802
40000 1000 1.15701 8 0.0207216 4.49647e-09 2.00785
40000 1000 2.34998 16 0.0394872 8.80732e-09 3.22927
40000 4000 10.4712 31793 0.00447121 1.10202e-09 15.1612
40000 4000 13.3341 28358 0.00611985 2.45713e-09 17.0744
40000 4000 16.9765 27342 0.0106717 4.77573e-09 20.5065
40000 4000 21.0815 26739 0.0145197 6.60887e-09 24.4865
40000 4000 29.7082 26635 0.0165379 7.59158e-09 33.1398
40000 4000 32.9197 26468 0.0185889 8.54403e-09 36.4983
40000 4000 35.974 26436 0.0202537 9.32012e-09 39.8118
40000 4000 9.82564 15897 0.00447054 1.10058e-09 13.9687
40000 4000 10.9626 14187 0.00597877 2.4382e-09 14.63
40000 4000 12.6279 13684 0.0106013 4.74503e-09 16.0013
40000 4000 14.7832 13377 0.0144635 6.58143e-09 18.1903
40000 4000 18.8445 13331 0.0164462 7.55187e-09 22.1997
40000 4000 20.3546 13269 0.0185399 8.52729e-09 23.6772
40000 4000 21.9722 13270 0.020219 9.30093e-09 25.222
40000 4000 9.34521 1590 0.00468941 1.09045e-09 13.4751
40000 4000 8.79714 1422 0.00586542 2.36649e-09 12.4228
40000 4000 8.70182 1377 0.0104502 4.68205e-09 12.0332
40000 4000 8.74137 1355 0.0142671 6.50043e-09 12.0192
40000 4000 9.40185 1355 0.0165144 7.57777e-09 12.7401
40000 4000 9.52828 1373 0.0186477 8.56679e-09 12.8287
40000 4000 9.87724 1425 0.0202049 9.28309e-09 13.2416
40000 4000 9.30063 318 0.00468941 1.09045e-09 13.479
40000 4000 8.42728 287 0.00544053 2.18606e-09 12.0375
40000 4000 8.39749 281 0.0102213 4.56893e-09 11.7667
40000 4000 8.53936 284 0.0143278 6.52793e-09 11.755
40000 4000 8.94199 291 0.0163335 7.4641e-09 12.2963
40000 4000 9.64482 317 0.0191979 8.75772e-09 12.9509
40000 4000 11.2447 374 0.0208067 9.37174e-09 14.555
40000 4000 9.28529 159 0.00468941 1.09045e-09 13.4146
40000 4000 8.60965 145 0.00534267 2.13998e-09 12.2362
40000 4000 8.6058 144 0.0101942 4.54484e-09 11.9676
40000 4000 8.92369 150 0.0143935 6.52158e-09 12.263
40000 4000 9.60133 158 0.0169025 7.6606e-09 12.8841
40000 4000 11.2022 186 0.0194626 8.72422e-09 14.6062
40000 4000 14.337 246 0.0208989 9.10981e-09 17.6145
40000 4000 9.21943 79 0.00538393 1.31239e-09 13.3784
40000 4000 8.80389 74 0.00499065 1.96692e-09 12.4369
40000 4000 9.06062 76 0.00847336 3.74582e-09 12.3908
40000 4000 9.95367 83 0.0148826 6.63613e-09 13.2148
40000 4000 11.3326 92 0.0169721 7.49233e-09 14.6293
40000 4000 14.1818 121 0.0204539 8.77436e-09 17.5787
40000 4000 20.9681 182 0.0232617 9.59362e-09 24.2658
40000 4000 9.32923 40 0.00395977 9.44332e-10 13.4565
40000 4000 8.97505 38 0.00574456 2.19027e-09 12.6088
40000 4000 9.64468 41 0.0110833 4.76421e-09 13.0478
40000 4000 11.7196 50 0.0124066 5.29093e-09 14.9525
40000 4000 14.1162 59 0.0166724 6.94448e-09 17.3957
40000 4000 20.541 88 0.0236784 9.49503e-09 23.8289
40000 4000 34.3895 149 0.0239985 9.31697e-09 37.7472
40000 4000 9.31639 16 0.00395977 9.44332e-10 13.4708
40000 4000 10.0939 17 0.00286738 1.01734e-09 13.7487
40000 4000 12.4127 21 0.00376426 1.47776e-09 15.77
40000 4000 16.9579 29 0.012166 4.58051e-09 20.2018
40000 4000 22.6639 38 0.0161367 6.01686e-09 26.005
40000 4000 39.1586 67 0.0222791 8.15766e-09 42.515
40000 4000 72.1103 126 0.0238644 8.68804e-09 75.3676
40000 10000 132.649 167284 0.00263828 1.71339e-09 530.746
40000 10000 185.233 159232 0.00444372 4.17957e-09 194.46
40000 10000 219.331 155721 0.00513274 5.3417e-09 228.093
40000 10000 257.643 153500 0.00689165 7.27134e-09 266.208
40000 10000 348.863 153356 0.00761017 8.0882e-09 357.359
40000 10000 374.335 152579 0.00833758 8.86715e-09 382.852
40000 10000 399.481 152360 0.00887584 9.45035e-09 409.769
40000 10000 126.105 83642 0.00263828 1.71339e-09 137.193
40000 10000 151.479 79684 0.0041965 4.17583e-09 160.739
40000 10000 167.126 77900 0.00512286 5.31677e-09 175.806
40000 10000 185.679 76788 0.006853 7.22371e-09 194.181
40000 10000 230.098 76750 0.0075737 8.05366e-09 238.473
40000 10000 244.232 76410 0.00832107 8.84591e-09 252.644
40000 10000 256.794 76432 0.00886529 9.43542e-09 265.741
40000 10000 120.266 8364 0.00262411 1.71447e-09 130.917
40000 10000 120.771 7984 0.00414468 4.09919e-09 129.998
40000 10000 120.033 7820 0.00502029 5.20748e-09 128.554
40000 10000 121.328 7750 0.00681533 7.13373e-09 129.718
40000 10000 126.827 7784 0.00750492 7.97079e-09 135.083
40000 10000 131.67 7862 0.0083412 8.8549e-09 140.047
40000 10000 134.483 8103 0.0088979 9.46019e-09 142.959
40000 10000 122.573 1673 0.00249395 1.70941e-09 133.277
40000 10000 116.623 1606 0.00413855 4.11418e-09 125.713
40000 10000 116.718 1590 0.00500026 5.19136e-09 125.125
40000 10000 119 1607 0.00686966 7.23777e-09 127.29
40000 10000 122.578 1651 0.00755109 7.99575e-09 130.797
40000 10000 132.174 1770 0.00855532 9.01434e-09 140.468
40000 10000 152.754 2040 0.00921751 9.58653e-09 160.903
40000 10000 122.531 836 0.00255109 1.73596e-09 132.971
40000 10000 118.279 809 0.00411418 4.07949e-09 127.465
40000 10000 118.517 811 0.00512217 5.30648e-09 126.939
40000 10000 123.343 841 0.00695141 7.29722e-09 131.499
40000 10000 130.752 885 0.00777211 8.18012e-09 139.168
40000 10000 150.233 1015 0.0088387 9.14614e-09 158.486
40000 10000 192.405 1299 0.00975658 9.68578e-09 200.725
40000 10000 122.055 418 0.00255109 1.73596e-09 132.906
40000 10000 119.177 410 0.0040419 3.94556e-09 128.315
40000 10000 122.658 422 0.00511122 5.28196e-09 131.07
40000 10000 133.955 459 0.00722488 7.4953e-09 177.436
40000 10000 148.116 505 0.00791143 8.13411e-09 156.449
40000 10000 187.771 643 0.00956907 9.39196e-09 196.167
40000 10000 274.107 938 0.0108065 9.81998e-09 282.716
40000 10000 119.053 209 0.00255109 1.73596e-09 129.699
40000 10000 122.434 211 0.00381255 3.73946e-09 131.474
40000 10000 132.532 228 0.00535674 5.44874e-09 141.11
40000 10000 156.46 269 0.00787254 7.83328e-09 164.821
40000 10000 184.343 316 0.00915258 8.81894e-09 192.764
40000 10000 271.166 461 0.0103985 9.25902e-09 279.456
40000 10000 440.091 755 0.0119263 9.7798e-09 448.834
40000 10000 119.295 84 0.00228885 1.54957e-09 399.333
40000 10000 131.739 91 0.00397952 3.76533e-09 140.969
40000 10000 160.047 111 0.00678522 6.313e-09 237.662
40000 10000 226.279 156 0.00922934 7.98824e-09 294.525
40000 10000 294.613 203 0.0115189 9.5089e-09 303.238
40000 10000 502.987 347 0.0125378 9.69209e-09 511.336
40000 10000 910.352 631 0.0133671 9.83956e-09 920.679
80000 1000 0.546094 5861 0.0118527 1.04714e-09 97.0831
80000 1000 0.57635 4069 0.0119471 1.10556e-09 2.42779
80000 1000 0.744 3626 0.015849 1.66579e-09 2.53248
80000 1000 1.01443 3439 0.0349041 3.9283e-09 2.75121
80000 1000 1.13869 3373 0.0447966 5.04158e-09 2.84753
80000 1000 2.07209 3333 0.0597659 6.77876e-09 3.8067
80000 1000 2.35759 3306 0.0733148 8.34233e-09 4.29314
80000 1000 0.615477 2930 0.0118792 1.04917e-09 2.74423
80000 1000 0.478725 2037 0.0118105 1.08123e-09 2.36829
80000 1000 0.54927 1813 0.015889 1.66733e-09 2.28894
80000 1000 0.642727 1721 0.0347494 3.89213e-09 2.26079
80000 1000 0.724232 1688 0.0446447 5.02536e-09 2.37597
80000 1000 1.11591 1669 0.0596945 6.7726e-09 2.86174
80000 1000 1.29604 1657 0.0731849 8.32712e-09 2.97038
80000 1000 0.507953 293 0.0118792 1.04917e-09 2.68352
80000 1000 0.368404 206 0.0108419 1.00423e-09 2.24072
80000 1000 0.333355 183 0.01383 1.44418e-09 2.06554
80000 1000 0.312872 174 0.0324456 3.6472e-09 1.93397
80000 1000 0.31397 171 0.0405962 4.5694e-09 1.95447
80000 1000 0.347987 171 0.0553254 6.28257e-09 1.97758
80000 1000 0.377312 173 0.0702281 7.9836e-09 2.06694
80000 1000 0.522156 58 0.0167614 1.46106e-09 2.72842
80000 1000 0.364614 43 0.00779653 7.09344e-10 2.27656
80000 1000 0.332734 38 0.0111182 1.15112e-09 2.12137
80000 1000 0.291903 36 0.028637 3.18623e-09 1.96384
80000 1000 0.283493 36 0.0323842 3.6286e-09 1.92939
80000 1000 0.304472 37 0.0684839 7.74174e-09 2.02639
80000 1000 0.32922 41 0.0630407 7.1115e-09 2.00301
80000 1000 0.499497 29 0.0167614 1.46106e-09 2.67599
80000 1000 0.36509 22 0.0115877 9.86306e-10 2.22405
80000 1000 0.326833 20 0.00626645 6.26899e-10 2.12815
80000 1000 0.297448 19 0.019116 2.11266e-09 1.96988
80000 1000 0.298585 19 0.0296951 3.29078e-09 1.94354
80000 1000 0.329024 21 0.0330824 3.71197e-09 1.9879
80000 1000 0.401531 25 0.0325954 3.62033e-09 2.08746
80000 1000 0.478762 14 0.0444645 3.88194e-09 2.64824
80000 1000 0.397449 12 0.00668184 6.17681e-10 2.24415
80000 1000 0.371252 11 0.00258492 2.47167e-10 2.10109
80000 1000 0.337833 11 0.00223745 2.41414e-10 2.0084
80000 1000 0.334977 11 0.00784741 8.56384e-10 1.97118
80000 1000 0.372834 12 0.0601488 6.57531e-09 2.09601
80000 1000 0.479077 16 0.0427823 4.61693e-09 2.12804
80000 1000 0.514069 7 0.0444645 3.88194e-09 2.77024
80000 1000 0.496164 7 0.000777221 6.92335e-11 2.42262
80000 1000 0.397993 6 0.00505194 4.56231e-10 2.15384
80000 1000 0.369944 6 0.00545376 5.51405e-10 2.05797
80000 1000 0.421687 7 0.000468027 4.90789e-11 2.05057
80000 1000 0.47569 8 0.0103289 1.08747e-09 2.09259
80000 1000 0.668556 11 0.056657 5.88038e-09 2.40815
80000 1000 0.514518 3 0.00586158 5.26392e-10 2.59355
80000 1000 0.497166 3 0.0017052 1.53362e-10 2.3856
80000 1000 0.483205 3 0.00085782 7.64285e-11 2.19259
80000 1000 0.472855 3 0.0033277 2.96075e-10 2.13879
80000 1000 0.651892 4 8.30206e-06 8.12033e-13 2.3077
80000 1000 0.751037 5 0.000586718 5.80151e-11 2.42993
80000 1000 1.18062 8 0.00475044 4.73184e-10 2.8708
80000 4000 8.90226 26979 0.0104556 1.02777e-09 25.5545
80000 4000 10.1325 21292 0.0103388 1.37423e-09 17.4837
80000 4000 12.5283 20058 0.0206912 3.22192e-09 19.465
80000 4000 15.6336 19504 0.0320102 5.10964e-09 22.3842
80000 4000 21.4376 19284 0.0385991 6.21539e-09 28.3607
80000 4000 23.9164 19157 0.047902 7.7453e-09 30.6931
80000 4000 26.0523 19036 0.0543203 8.783e-09 33.0126
80000 4000 8.46192 13490 0.0106905 1.0264e-09 16.6823
80000 4000 8.36507 10657 0.0105419 1.36146e-09 15.7936
80000 4000 9.26531 10037 0.0208403 3.24584e-09 15.9091
80000 4000 10.7746 9761 0.0317015 5.06362e-09 17.3386
80000 4000 13.791 9648 0.0384487 6.18823e-09 20.3506
80000 4000 14.8475 9589 0.0479293 7.75221e-09 21.5577
80000 4000 16.0042 9541 0.0542469 8.77405e-09 22.6132
80000 4000 8.04593 1349 0.0106905 1.0264e-09 16.2307
80000 4000 6.6003 1069 0.00995524 1.29082e-09 13.842
80000 4000 6.5612 1009 0.0208173 3.25014e-09 13.2687
80000 4000 6.44006 983 0.0302137 4.82434e-09 13.0297
80000 4000 6.79996 975 0.0374657 6.03845e-09 13.377
80000 4000 6.84663 977 0.0479329 7.75065e-09 13.2421
80000 4000 7.01632 992 0.0538945 8.71232e-09 13.4758
80000 4000 7.98745 270 0.010739 1.00659e-09 16.2099
80000 4000 6.47292 215 0.00992672 1.26393e-09 13.6578
80000 4000 6.12887 204 0.0206827 3.21467e-09 12.8543
80000 4000 6.29921 202 0.029403 4.69051e-09 12.9374
80000 4000 6.45976 203 0.0381374 6.14928e-09 13.2289
80000 4000 6.61893 212 0.0463568 7.47814e-09 13.1137
80000 4000 6.98935 232 0.055975 8.99652e-09 13.5408
80000 4000 7.99754 135 0.010739 1.00659e-09 16.1949
80000 4000 6.5137 108 0.0104038 1.32334e-09 13.8627
80000 4000 6.18003 104 0.0177419 2.74772e-09 12.9705
80000 4000 6.24587 104 0.0307932 4.90338e-09 12.7104
80000 4000 6.56738 107 0.0340366 5.47445e-09 13.1659
80000 4000 7.04561 116 0.0513863 8.24361e-09 13.5616
80000 4000 8.10179 138 0.0574685 9.12493e-09 14.5704
80000 4000 8.06037 68 0.00893595 8.13747e-10 16.2736
80000 4000 6.66308 55 0.0097919 1.22569e-09 13.917
80000 4000 6.40817 53 0.0222888 3.42865e-09 13.2534
80000 4000 6.68846 56 0.0229564 3.64015e-09 13.2515
80000 4000 7.0086 58 0.0433369 6.91938e-09 13.4873
80000 4000 8.23601 69 0.0450698 7.10833e-09 14.847
80000 4000 10.7931 92 0.0527196 8.14468e-09 17.2569
80000 4000 8.05966 34 0.00893595 8.13747e-10 16.2514
80000 4000 6.7214 28 0.0132426 1.59126e-09 14.058
80000 4000 6.73416 28 0.0213607 3.22152e-09 13.5507
80000 4000 7.43872 31 0.0280755 4.37606e-09 13.898
80000 4000 8.25015 34 0.04106 6.38841e-09 14.8162
80000 4000 10.6724 45 0.0466631 7.06941e-09 17.1617
80000 4000 15.9576 68 0.0607103 8.98852e-09 22.5671
80000 4000 8.39347 14 0.00341814 3.38025e-10 16.7201
80000 4000 7.86344 13 0.0015706 1.71585e-10 15.192
80000 4000 7.73299 13 0.0130748 1.8046e-09 14.4892
80000 4000 9.51129 16 0.0215723 3.13924e-09 16.0242
80000 4000 11.4136 19 0.0381115 5.49308e-09 18.061
80000 4000 17.7559 30 0.0363961 5.11084e-09 24.284
80000 4000 30.8388 53 0.0452746 6.35588e-09 37.4258
80000 10000 74.1891 91843 0.00780039 1.13628e-09 104.806
80000 10000 97.5342 83544 0.0101944 2.38929e-09 115.518
80000 10000 113.767 80715 0.0180596 4.66421e-09 131.581
80000 10000 134.236 79302 0.0237467 6.24766e-09 151.741
80000 10000 178.812 78807 0.0272153 7.1897e-09 195.942
80000 10000 193.462 78172 0.0313341 8.29178e-09 210.607
80000 10000 205.662 77870 0.0342907 9.08519e-09 236.096
80000 10000 71.5273 45921 0.00777283 1.13667e-09 93.4896
80000 10000 80.0612 41773 0.0104493 2.45463e-09 98.1363
80000 10000 86.9401 40413 0.0176621 4.56689e-09 104.125
80000 10000 96.0893 39671 0.0235449 6.19394e-09 113.171
80000 10000 118.17 39441 0.0270127 7.12908e-09 134.77
80000 10000 125.244 39139 0.0312483 8.2653e-09 142.008
80000 10000 132.277 39012 0.0342542 9.07471e-09 149.78
80000 10000 66.4667 4592 0.00811855 1.13781e-09 87.6178
80000 10000 63.9282 4187 0.00988375 2.29634e-09 81.9183
80000 10000 63.772 4056 0.0169904 4.38046e-09 80.9882
80000 10000 62.9241 3993 0.0233054 6.13087e-09 79.7923
80000 10000 65.3422 3979 0.0267666 7.06546e-09 81.9844
80000 10000 70.7231 3980 0.0311746 8.24643e-09 87.3025
80000 10000 68.0169 4037 0.0343435 9.09007e-09 84.748
80000 10000 66.1138 919 0.00765551 1.1146e-09 87.0527
80000 10000 62.1362 841 0.00972701 2.24284e-09 80.1473
80000 10000 60.7459 819 0.0170608 4.40752e-09 77.7413
80000 10000 60.7538 817 0.0231755 6.0896e-09 77.7008
80000 10000 61.7895 824 0.0271156 7.15626e-09 78.3543
80000 10000 64.4069 855 0.032028 8.45395e-09 81.0982
80000 10000 71.2136 930 0.0353398 9.29268e-09 87.7958
80000 10000 67.9141 459 0.00791737 1.15413e-09 89.1803
80000 10000 61.8755 422 0.0097925 2.2525e-09 79.9684
80000 10000 60.5916 415 0.0165943 4.28003e-09 77.6078
80000 10000 61.8208 420 0.0231817 6.09434e-09 78.4263
80000 10000 63.4771 430 0.0274613 7.23217e-09 79.8352
80000 10000 69.5186 466 0.0319899 8.39586e-09 85.9718
80000 10000 81.7012 546 0.0359642 9.32772e-09 97.8311
80000 10000 65.9338 230 0.00746104 1.08438e-09 86.5869
80000 10000 62.6718 213 0.0102657 2.22401e-09 80.882
80000 10000 61.8497 213 0.0157735 4.06003e-09 78.7059
80000 10000 64.4461 221 0.0248686 6.50696e-09 80.9511
80000 10000 68.3304 233 0.0289824 7.5717e-09 85.6083
80000 10000 80.337 272 0.0346017 8.92698e-09 97.7108
80000 10000 107.094 358 0.0365184 9.14664e-09 124.399
80000 10000 66.0308 115 0.00746104 1.08438e-09 86.7397
80000 10000 64.2921 109 0.0085161 1.95451e-09 82.587
80000 10000 64.812 111 0.0185541 4.73249e-09 81.6086
80000 10000 71.2859 122 0.0269758 6.95921e-09 87.7187
80000 10000 78.9945 135 0.0308866 7.87512e-09 95.3009
80000 10000 104.7 177 0.0352653 8.71788e-09 120.766
80000 10000 157.232 265 0.0401531 9.4682e-09 173.675
80000 10000 66.0339 46 0.00746104 1.08438e-09 86.9273
80000 10000 67.2345 46 0.00733162 1.63932e-09 85.6968
80000 10000 74.0123 51 0.01424 3.49176e-09 91.2247
80000 10000 92.1482 63 0.0271165 6.55249e-09 108.802
80000 10000 112.592 77 0.0291121 6.85144e-09 130.1
80000 10000 175.006 119 0.0421273 9.45197e-09 192.187
80000 10000 304.63 207 0.0422644 9.14318e-09 322.286
160000 1000 0.581447 5843 0.0252478 1.10431e-09 5.13208
160000 1000 0.60632 3920 0.0222553 9.76712e-10 4.5047
160000 1000 0.719579 3402 0.0305688 1.47319e-09 4.22354
160000 1000 0.935918 3208 0.0601155 3.05455e-09 4.51382
160000 1000 1.1098 3155 0.0767943 3.90817e-09 4.54786
160000 1000 1.91153 3082 0.121934 6.24368e-09 5.47614
160000 1000 2.22427 3049 0.150116 7.69599e-09 5.84684
160000 1000 0.556482 2922 0.0262982 1.09827e-09 4.68684
160000 1000 0.47544 1961 0.0211244 9.50919e-10 4.20627
160000 1000 0.516355 1703 0.0292397 1.40668e-09 3.96003
160000 1000 0.632087 1607 0.0591388 3.00328e-09 3.9692
160000 1000 0.725279 1578 0.0756943 3.85254e-09 3.98224
160000 1000 1.09133 1543 0.120267 6.15995e-09 4.43497
160000 1000 1.19852 1526 0.150482 7.71609e-09 4.5237
160000 1000 0.533708 292 0.0253482 1.11621e-09 4.6736
160000 1000 0.358215 198 0.0221773 9.97356e-10 3.98711
160000 1000 0.318071 172 0.0251343 1.20266e-09 3.78585
160000 1000 0.307995 162 0.0541565 2.74664e-09 3.59766
160000 1000 0.314298 159 0.0714386 3.63426e-09 3.70361
160000 1000 0.34513 156 0.11977 6.13099e-09 3.71742
160000 1000 0.335566 156 0.147086 7.53998e-09 3.65818
160000 1000 0.560883 59 0.0210917 8.76706e-10 4.86296
160000 1000 0.368983 41 0.0217903 9.74348e-10 4.06826
160000 1000 0.299761 35 0.0313211 1.46727e-09 3.60806
160000 1000 0.289753 34 0.0281751 1.42858e-09 3.61767
160000 1000 0.278743 33 0.0515398 2.61047e-09 3.57559
160000 1000 0.283536 33 0.0921403 4.71263e-09 3.62111
160000 1000 0.295312 35 0.0798789 4.08857e-09 3.71342
160000 1000 0.529302 29 0.0311766 1.36334e-09 4.70121
160000 1000 0.370787 21 0.0300601 1.3515e-09 4.07043
160000 1000 0.303797 18 0.0308068 1.38357e-09 3.72532
160000 1000 0.328928 18 0.0121488 6.08781e-10 3.60526
160000 1000 0.279619 17 0.0552345 2.73133e-09 3.58852
160000 1000 0.292862 18 0.0392828 1.99799e-09 3.60211
160000 1000 0.298525 19 0.124925 6.35084e-09 3.57602
160000 1000 0.568128 15 0.0119972 5.029e-10 4.77447
160000 1000 0.430746 12 0.00584585 2.467e-10 4.22131
160000 1000 0.329796 10 0.0141025 6.32738e-10 3.76281
160000 1000 0.327547 10 0.00282586 1.35343e-10 3.62524
160000 1000 0.323886 10 0.00358256 1.75277e-10 3.61495
160000 1000 0.318494 10 0.0306851 1.54539e-09 3.6952
160000 1000 0.364901 12 0.021083 1.05924e-09 3.60457
160000 1000 0.590726 8 0.00174272 7.57143e-11 4.97736
160000 1000 0.491044 7 0.000739963 3.25012e-11 4.26106
160000 1000 0.399853 6 0.00235534 1.04531e-10 3.87619
160000 1000 0.38926 6 0.000360469 1.60209e-11 3.65485
160000 1000 0.381875 6 0.000398129 1.87944e-11 3.68225
160000 1000 0.38374 6 0.0108661 5.3289e-10 3.7773
160000 1000 0.468414 7 0.135683 6.61603e-09 3.77559
160000 1000 0.548027 3 0.0119972 5.029e-10 4.6924
160000 1000 0.526441 3 0.00159187 6.68989e-11 4.23602
160000 1000 0.489324 3 0.000422237 1.82155e-11 3.8692
160000 1000 0.483944 3 0.000199954 8.78176e-12 3.7437
160000 1000 0.495889 3 0.000349673 1.53366e-11 3.74987
160000 1000 0.471213 3 0.0187793 8.73931e-10 3.75895
160000 1000 0.594535 4 0.11654 5.48373e-09 3.88062
160000 4000 8.65101 25484 0.023454 1.05507e-09 26.3232
160000 4000 8.95326 18316 0.0230461 1.2107e-09 23.5707
160000 4000 10.6892 16776 0.0339724 2.09533e-09 24.8796
160000 4000 12.8784 16125 0.0656748 4.21705e-09 26.4115
160000 4000 17.8513 15957 0.0778485 5.03593e-09 31.4218
160000 4000 19.8545 15732 0.107962 7.01958e-09 33.6047
160000 4000 21.5633 15641 0.129264 8.43273e-09 35.5401
160000 4000 8.24636 12742 0.023454 1.05507e-09 24.6891
160000 4000 7.18082 9162 0.0230103 1.22561e-09 21.6909
160000 4000 8.04231 8397 0.0333791 2.05038e-09 21.361
160000 4000 8.89086 8068 0.0641184 4.12048e-09 21.9741
160000 4000 11.3251 7980 0.0774335 5.00647e-09 24.4248
160000 4000 12.3091 7873 0.10729 6.97374e-09 25.1044
160000 4000 13.2085 7830 0.129072 8.42206e-09 26.0485
160000 4000 7.90531 1274 0.0237657 1.06218e-09 24.4604
160000 4000 5.86422 920 0.0242161 1.19723e-09 20.4216
160000 4000 5.51245 843 0.0316704 1.93649e-09 18.9692
160000 4000 5.33441 811 0.0611718 3.93293e-09 18.2582
160000 4000 5.50562 803 0.075309 4.87274e-09 18.5252
160000 4000 5.56487 795 0.107021 6.95843e-09 18.5171
160000 4000 5.71708 799 0.129847 8.4704e-09 18.3901
160000 4000 7.99212 255 0.0238233 1.03768e-09 24.5997
160000 4000 5.69784 185 0.0234733 1.22671e-09 20.3425
160000 4000 5.16622 170 0.0311575 1.89968e-09 18.6266
160000 4000 5.0259 165 0.0565598 3.63216e-09 18.1098
160000 4000 5.07948 164 0.0753078 4.8672e-09 18.3421
160000 4000 5.14743 166 0.107991 7.0184e-09 18.1915
160000 4000 5.31533 174 0.130995 8.52562e-09 18.2328
160000 4000 8.15726 128 0.020686 9.42605e-10 25.2247
160000 4000 5.61312 94 0.0201096 9.72551e-10 20.0752
160000 4000 5.28061 86 0.0295174 1.75985e-09 18.5579
160000 4000 5.10051 84 0.0565 3.6327e-09 18.0182
160000 4000 5.23336 84 0.0772141 4.95718e-09 18.3648
160000 4000 5.30622 88 0.0902123 5.84618e-09 18.1877
160000 4000 5.76898 96 0.136386 8.83006e-09 18.5973
160000 4000 8.18169 64 0.020686 9.42605e-10 24.8455
160000 4000 5.60744 47 0.0325883 1.5241e-09 19.8521
160000 4000 5.27998 44 0.0252116 1.50767e-09 18.6207
160000 4000 5.37288 44 0.0391304 2.49944e-09 18.2266
160000 4000 5.29825 44 0.083954 5.39086e-09 18.306
160000 4000 5.85502 49 0.0714083 4.59889e-09 18.672
160000 4000 6.93182 58 0.0995722 6.36142e-09 19.5735
160000 4000 8.10134 32 0.020686 9.42605e-10 24.8001
160000 4000 5.82724 24 0.0403466 2.03172e-09 20.3983
160000 4000 5.55218 23 0.0200635 1.17471e-09 19.1621
160000 4000 5.55289 23 0.0616252 3.88154e-09 19.0046
160000 4000 6.03261 25 0.0332227 2.1102e-09 19.2291
160000 4000 6.91762 29 0.0712914 4.50233e-09 19.9574
160000 4000 9.00588 38 0.118341 7.33041e-09 21.9101
160000 4000 8.25135 13 0.0128923 5.9737e-10 24.9974
160000 4000 6.59764 11 0.00772782 3.70859e-10 21.2994
160000 4000 6.62607 11 0.00197954 1.076e-10 19.9307
160000 4000 6.46708 11 0.0337007 2.03527e-09 19.369
160000 4000 7.17123 12 0.0763904 4.60548e-09 20.238
160000 4000 10.0992 17 0.0303246 1.81251e-09 23.1893
160000 4000 15.394 26 0.0670349 3.9348e-09 28.1147
160000 10000 60.4926 71853 0.0212261 1.05101e-09 113.276
160000 10000 69.711 59074 0.0199357 1.45049e-09 106.711
160000 10000 79.7621 56324 0.0348195 2.95447e-09 114.61
160000 10000 93.0371 54697 0.0552334 4.842e-09 126.838
160000 10000 123.271 54089 0.0652555 5.7363e-09 157.393
160000 10000 132.373 53596 0.0852635 7.53331e-09 166.263
160000 10000 140.567 53253 0.0975025 8.62217e-09 195.026
160000 10000 57.9084 35926 0.0207116 1.05171e-09 104.535
160000 10000 56.8087 29561 0.0199505 1.43111e-09 93.2917
160000 10000 61.2252 28172 0.0345811 2.94089e-09 95.4009
160000 10000 66.9096 27366 0.0550142 4.82284e-09 100.513
160000 10000 81.9583 27057 0.0648624 5.70113e-09 115.346
160000 10000 87.3186 26822 0.0848244 7.49768e-09 120.747
160000 10000 90.7078 26659 0.0971002 8.58558e-09 126.795
160000 10000 52.9386 3593 0.0221578 1.04819e-09 97.6763
160000 10000 45.4171 2964 0.0194589 1.41639e-09 81.9246
160000 10000 44.2574 2825 0.0337499 2.86986e-09 78.3723
160000 10000 43.5773 2750 0.0534951 4.68999e-09 76.8294
160000 10000 44.71 2719 0.0643106 5.64368e-09 77.4052
160000 10000 45.1501 2708 0.0845699 7.47948e-09 77.8565
160000 10000 46.0051 2717 0.0965769 8.53652e-09 78.3075
160000 10000 53.2708 719 0.0203578 1.02771e-09 96.4969
160000 10000 44.1152 595 0.0191769 1.37918e-09 80.5389
160000 10000 42.6248 568 0.0344774 2.92083e-09 76.4019
160000 10000 41.5547 557 0.053301 4.6743e-09 74.1251
160000 10000 42.1739 555 0.0633976 5.56846e-09 73.9193
160000 10000 42.719 564 0.0835662 7.38187e-09 75.4056
160000 10000 44.8777 589 0.0973899 8.59441e-09 76.7421
160000 10000 52.949 359 0.0215347 1.07446e-09 96.315
160000 10000 44.1302 298 0.0197182 1.42524e-09 80.5712
160000 10000 42.6683 286 0.0338631 2.86278e-09 76.4773
160000 10000 41.9028 283 0.053623 4.70048e-09 74.4666
160000 10000 42.3776 284 0.0645147 5.66372e-09 74.8018
160000 10000 44.9108 296 0.0846837 7.46559e-09 77.013
160000 10000 48.6456 323 0.105317 9.25337e-09 80.2698
160000 10000 57.4101 180 0.0197566 9.79687e-10 100.193
160000 10000 44.3872 150 0.0212293 1.39781e-09 81.2212
160000 10000 42.2433 145 0.0331973 2.79246e-09 77.0749
160000 10000 43.017 146 0.0524833 4.59399e-09 75.3398
160000 10000 43.8721 149 0.0632204 5.53822e-09 76.5708
160000 10000 48.2207 162 0.0903998 7.92318e-09 80.296
160000 10000 58.1046 192 0.104614 9.07767e-09 89.8679
160000 10000 53.0377 90 0.0197566 9.79687e-10 95.9777
160000 10000 44.6491 76 0.0192805 1.35869e-09 81.0481
160000 10000 44.1512 75 0.0275408 2.28041e-09 77.6939
160000 10000 45.0333 77 0.0591967 5.15273e-09 77.536
160000 10000 47.8282 81 0.0730693 6.34812e-09 80.0277
160000 10000 57.0367 96 0.0851773 7.33788e-09 89.9212
160000 10000 75.6977 127 0.113705 9.57983e-09 121.031
160000 10000 53.9106 36 0.0197566 9.79687e-10 99.5557
160000 10000 47.0106 32 0.0131846 8.61874e-10 83.6936
160000 10000 48.4531 33 0.0162561 1.33939e-09 82.4483
160000 10000 53.0608 36 0.061304 5.17874e-09 86.0416
160000 10000 60.3618 41 0.0590866 4.93915e-09 92.8424
160000 10000 82.7961 56 0.0904841 7.36464e-09 115.417
160000 10000 131.815 88 0.119605 9.46727e-09 164.737