100 176900
200 73278.2
300 30317.7
400 12053.5
500 6093.86
600 2360.56
700 1021.57
800 545.934
900 421.366
1000 398.774
1100 475.254
1200 378.313
1300 395.15
1400 368.583
1500 369.974
1600 433.675
1700 377.802
1800 410.507
1900 382.65
2000 383.978
2100 372.313
2200 373.467
2300 443.666
2400 394.691
2500 394.158
2600 400.373
2700 482.119
2800 381.306
2900 390.421
3000 372.446
3100 386.512
3200 378.574
3300 373.405
3400 382.189
3500 380.257
3600 385.943
3700 384.835
3800 380.1
3900 385.91
4000 385.797
4100 417.427
4200 383.365
4300 381.399
4400 393.14
4500 375.374
4600 377.528
4700 396.41
4800 368.519
4900 380.882
5000 377.528
5100 372.564
5200 422.117
5300 397.431
5400 370.237
5500 384.951
5600 384.355
5700 392.929
5800 380.335
5900 395.936
6000 374.389
6100 370.733
6200 370.663
6300 382.905
6400 367.883
6500 420.295
6600 448.239
6700 387.828
6800 422.406
6900 364.504
7000 394.193
7100 380.854
7200 439.084
7300 409.838
7400 382.299
7500 378.65
7600 391.287
7700 391.183
7800 381.31
7900 398.404
8000 384.351
8100 430.928
8200 395.266
8300 478.871
8400 390.484
8500 396.692
8600 442.333
8700 380.445
8800 377.598
8900 404.656
9000 391.467
9100 393.815
9200 380.716
9300 369.746
9400 465.556
9500 399.113
9600 378.039
9700 391.738
9800 388
9900 418.303
10000 391.898
10100 379.368
10200 380.299
10300 380.972
10400 537.113
10500 387.717
10600 418.375
10700 387.651
10800 393.775
10900 372.501
11000 420.947
11100 391.071
11200 385.849
11300 385.926
11400 390.433
11500 378.568
11600 394.465
11700 391.148
11800 398.109
11900 388.764
12000 385.807
12100 416.777
12200 392.142
12300 559.124
12400 381.033
12500 382.251
12600 419.226
12700 375.738
12800 398.698
12900 419.076
13000 409.681
13100 398.569
13200 386.316
13300 381.463
13400 389.269
13500 402.127
13600 382.414
13700 371.756
13800 442.066
13900 365.154
14000 369.274
14100 377.955
14200 402.242
14300 385.647
14400 384.245
14500 372.67
14600 363.115
14700 395.032
14800 379.195
14900 379.977
15000 428.738
15100 382.55
15200 399.126
15300 431.984
15400 381.943
15500 384.215
15600 379.406
15700 456.75
15800 426.681
15900 375.138
16000 391.325
16100 409.057
16200 414.691
16300 383.316
16400 408.486
16500 387.17
16600 373.891
16700 396.223
16800 383.879
16900 403.729
17000 573.875
17100 420.831
17200 362.315
17300 473.059
17400 376.894
17500 398.439
17600 390.333
17700 374.745
17800 376.012
17900 379.841
18000 402.37
18100 406.895
18200 381.801
18300 434.902
18400 388.248
18500 379.332
18600 374.527
18700 374.72
18800 383.701
18900 363.096
19000 370.633
19100 398.563
19200 372.222
19300 440.138
19400 391.887
19500 383.122
19600 404.755
19700 395.721
19800 447.419
19900 385.113
20000 391.888
20100 387.879
20200 385.942
20300 382.529
20400 443.003
20500 389.317
20600 398.109
20700 380.583
20800 431.336
20900 475.086
21000 377.395
21100 369.61
21200 370.547
21300 375.617
21400 363.735
21500 379.034
21600 413.227
21700 377.934
21800 398.675
21900 390.689
22000 413.802
22100 369.268
22200 407.172
22300 429.882
22400 442.919
22500 382.331
22600 382.995
22700 361.364
22800 409.604
22900 376.566
23000 380.615
23100 384.794
23200 394.773
23300 385.583
23400 380.908
23500 395.389
23600 371.754
23700 381.755
23800 372.084
23900 396.61
24000 433.478
24100 431.92
24200 411.067
24300 370.995
24400 429.721
24500 421.55
24600 374.671
24700 430.213
24800 501.604
24900 390.149
25000 416.629
25100 387.009
25200 383.423
25300 380.081
25400 379.427
25500 383.639
25600 411.342
25700 373.507
25800 436.851
25900 465.143
26000 375.728
26100 368.047
26200 369.232
26300 375.101
26400 395.657
26500 427.813
26600 376.507
26700 413
26800 376.746
26900 398.569
27000 375.473
27100 388.679
27200 379.105
27300 374.726
27400 436.984
27500 398.535
27600 544.208
27700 398.063
27800 540.838
27900 376.431
28000 386.158
28100 411.319
28200 383.842
28300 375.769
28400 385.74
28500 391.924
28600 382.181
28700 375.988
28800 404.27
28900 379.006
29000 401.357
29100 439.53
29200 371.091
29300 370.436
29400 382.686
29500 372.666
29600 371.829
29700 426.168
29800 409.343
29900 391.605
30000 397.929
