100 293430
200 202174
300 142067
400 98036.8
500 67320.4
600 46243.3
700 31940.6
800 22855.1
900 15580.7
1000 12105.8
1100 6932.29
1200 4766.56
1300 3381.08
1400 2732.08
1500 1807.64
1600 1187.35
1700 851.216
1800 658.154
1900 572.99
2000 454.9
2100 436.723
2200 426.636
2300 427.631
2400 462.469
2500 393.439
2600 388.644
2700 398.911
2800 397.642
2900 383.845
3000 395.04
3100 417.376
3200 390.481
3300 394.31
3400 407.379
3500 395.479
3600 401.106
3700 413.822
3800 393.284
3900 384.746
4000 389.594
4100 393.845
4200 384.792
4300 398.773
4400 383.363
4500 403.771
4600 389.265
4700 436.222
4800 391.353
4900 381.736
5000 390.263
5100 382.353
5200 412.23
5300 423.871
5400 450.001
5500 391.75
5600 394.79
5700 402.744
5800 394.467
5900 400.332
6000 398.729
6100 385.364
6200 403.116
6300 408.814
6400 388.377
6500 384.25
6600 387.867
6700 383.716
6800 392.757
6900 390.619
7000 391.534
7100 405.072
7200 427.296
7300 425.363
7400 385.087
7500 400.322
7600 397.346
7700 442.783
7800 396.781
7900 399.854
8000 403.83
8100 399.648
8200 405.86
8300 396.291
8400 393.498
8500 404.961
8600 421.352
8700 390.352
8800 379.94
8900 410.827
9000 391.61
9100 392.877
9200 395.912
9300 386.012
9400 388.259
9500 378.338
9600 377.187
9700 426.649
9800 407.315
9900 398.837
10000 393.452
10100 393.656
10200 381.862
10300 378.338
10400 394.825
10500 395.622
10600 385.643
10700 385.788
10800 398.738
10900 394.47
11000 403.266
11100 380.237
11200 390.43
11300 387.248
11400 374.314
11500 384.332
11600 381.096
11700 418.651
11800 386.532
11900 383.24
12000 386.091
12100 380.73
12200 401.511
12300 396.731
12400 394.774
12500 400.282
12600 390.635
12700 383.141
12800 392.924
12900 434.645
13000 393.4
13100 394.397
13200 397.088
13300 402.239
13400 396.179
13500 434.58
13600 400.027
13700 386.965
13800 402.546
13900 385.621
14000 387.929
14100 388.43
14200 391.411
14300 410.47
14400 414.617
14500 396.258
14600 390.48
14700 387.753
14800 392.251
14900 404.598
15000 425.792
15100 379.161
15200 414.124
15300 432.112
15400 400.244
15500 388.712
15600 385.032
15700 411.074
15800 413.572
15900 382.716
16000 392.736
16100 421.478
16200 452.427
16300 391.889
16400 497.651
16500 413.542
16600 408.045
16700 388.593
16800 376.073
16900 387.593
17000 392.323
17100 383.265
17200 430.406
17300 401.289
17400 381.284
17500 381.216
17600 391.716
17700 394.308
17800 387.77
17900 395.329
18000 420.736
18100 466.045
18200 442.132
18300 477.483
18400 433.044
18500 408.332
18600 392.084
18700 397.967
18800 446.048
18900 381.021
19000 383.751
19100 405.076
19200 385.523
19300 450.012
19400 450.314
19500 423.339
19600 394.062
19700 388.898
19800 421.486
19900 403.883
20000 387.412
20100 494.388
20200 407.212
20300 392.183
20400 390.233
20500 404.157
20600 420.596
20700 396.694
20800 412.283
20900 489.004
21000 397.444
21100 401.331
21200 378.58
21300 388.616
21400 411.596
21500 383.804
21600 404.947
21700 388.975
21800 417.414
21900 399.595
22000 385.239
22100 387.908
22200 384.82
22300 394.574
22400 409.548
22500 403.926
22600 386.896
22700 389.05
22800 398.1
22900 382.184
23000 383.552
23100 378.257
23200 388.283
23300 383.172
23400 394.108
23500 441.164
23600 382.486
23700 385.143
23800 392.254
23900 383.719
24000 398.892
24100 389.73
24200 411.259
24300 398.406
24400 418.764
24500 445.736
24600 395.181
24700 410.616
24800 384.62
24900 416.433
25000 437.469
25100 391.971
25200 428.256
25300 389.358
25400 410.628
25500 421.367
25600 407.646
25700 392.344
25800 401.249
25900 399.553
26000 398.808
26100 395.63
26200 383.64
26300 386.93
26400 405.354
26500 426.853
26600 399.052
26700 422.361
26800 409.202
26900 402.989
27000 387.65
27100 385.295
27200 388.264
27300 392.356
27400 448.428
27500 408.753
27600 406.422
27700 406.97
27800 405.097
27900 391.171
28000 403.74
28100 397.921
28200 388.783
28300 406.429
28400 381.619
28500 394.714
28600 434.941
28700 379.899
28800 418.203
28900 393.945
29000 399.027
29100 389.876
29200 383.015
29300 434.928
29400 380.334
29500 408.667
29600 422.964
29700 409.24
29800 390.762
29900 393.06
30000 377.802
