100 118302
200 107859
300 98263.8
400 89511.8
500 81801.5
600 74937.5
700 68434.4
800 62719.9
900 57176.4
1000 52395.2
1100 47903.3
1200 43742
1300 40048.4
1400 36628
1500 33550.2
1600 30645.5
1700 27997.7
1800 25679.4
1900 23494.7
2000 21487.1
2100 19755.4
2200 18129.7
2300 16562
2400 15224.5
2500 13940.8
2600 12811.6
2700 11830.4
2800 10896.3
2900 9934.6
3000 9152.61
3100 8412.56
3200 7730.52
3300 7140.72
3400 6605.6
3500 6063.55
3600 5582.86
3700 5158.09
3800 4749.34
3900 4364.52
4000 4026.28
4100 3714.18
4200 3432.93
4300 3160.76
4400 2917.12
4500 2700.57
4600 2494.57
4700 2301.45
4800 2128.31
4900 1968.37
5000 1813.39
5100 1676.52
5200 1546.12
5300 1432.05
5400 1327.91
5500 1231.55
5600 1148.26
5700 1066.6
5800 990.592
5900 923.635
6000 861.956
6100 805.659
6200 752.333
6300 708.846
6400 660.391
6500 621.447
6600 582.511
6700 550.814
6800 523.608
6900 496.136
7000 469.835
7100 449.264
7200 429.446
7300 412.244
7400 395.456
7500 380.947
7600 369.267
7700 358.503
7800 349.484
7900 339.984
8000 332.033
8100 325.218
8200 319.757
8300 315.657
8400 311.181
8500 307.063
8600 304.794
8700 301.781
8800 299.377
8900 297.731
9000 295.4
9100 294.988
9200 292.386
9300 291.789
9400 291.802
9500 289.123
9600 289.175
9700 288.124
9800 287.984
9900 287.145
10000 286.625
10100 286.228
10200 287.101
10300 287.008
10400 285.427
10500 285.406
10600 285.318
10700 285.634
10800 284.987
10900 284.859
11000 285.462
11100 284.567
11200 284.52
11300 284.554
11400 285.165
11500 285.093
11600 284.354
11700 284.429
11800 284.224
11900 284.383
12000 284.089
12100 284.681
12200 284.013
12300 284.44
12400 284.998
12500 284.229
12600 284.3
12700 284.055
12800 284.267
12900 285.004
13000 284.515
13100 285.982
13200 284.766
13300 284.088
13400 284.215
13500 285.245
13600 286.93
13700 284.949
13800 284.513
13900 284.526
14000 288.422
14100 284.671
14200 284.191
14300 284.15
14400 284.771
14500 284.404
14600 284.186
14700 284.232
14800 284.304
14900 285.409
15000 284.288
15100 284.087
15200 285.325
15300 284.496
15400 284.895
15500 284.843
15600 284.38
15700 285.357
15800 284.396
15900 284.819
16000 285.326
16100 287.191
16200 286.009
16300 284.331
16400 285.973
16500 284.326
16600 284.41
16700 284.551
16800 283.855
16900 285.335
17000 284.754
17100 283.979
17200 286.575
17300 285.732
17400 284.876
17500 283.987
17600 284.029
17700 286.687
17800 283.962
17900 286.735
18000 285.18
18100 284.978
18200 284.319
18300 284.75
18400 284.59
18500 285.622
18600 285.406
18700 284.247
18800 284.447
18900 284.238
19000 284.575
19100 284.471
19200 284.027
19300 284.496
19400 284.837
19500 286.416
19600 284.453
19700 284.162
19800 284.466
19900 285.211
20000 284.173
20100 288.598
20200 284.213
20300 284.202
20400 284.314
20500 284.988
20600 284.415
20700 284.385
20800 284.421
20900 284.485
21000 284.332
21100 284.28
21200 284.276
21300 284.457
21400 284.195
21500 284.263
21600 284.265
21700 284.724
21800 285.583
21900 284.164
22000 285.156
22100 284.785
22200 284.108
22300 284.014
22400 286.674
22500 284.364
22600 284.598
22700 284.232
22800 284.569
22900 284.051
23000 284.352
23100 285.476
23200 284.395
23300 284.376
23400 284.363
23500 284.07
23600 284.114
23700 284.745
23800 284.269
23900 285.593
24000 284.531
24100 284.144
24200 284.542
24300 285.569
24400 284.552
24500 284.625
24600 284.611
24700 284.346
24800 284.58
24900 286.362
25000 284.927
25100 284.497
25200 285.642
25300 284.168
25400 284.471
25500 285.067
25600 284.487
25700 284.406
25800 285.919
25900 284.087
26000 284.458
26100 285.175
26200 285.942
26300 284.043
26400 284.303
26500 283.959
26600 284.214
26700 284.071
26800 284.332
26900 285.105
27000 284.25
27100 284.257
27200 284.281
27300 284.514
27400 284.262
27500 284.489
27600 285.812
27700 284.681
27800 285.761
27900 284.384
28000 285.676
28100 284.667
28200 284.652
28300 285.277
28400 285.178
28500 285.025
28600 284.986
28700 286.274
28800 286.48
28900 284.129
29000 284.28
29100 284.627
29200 284.442
29300 285.555
29400 283.987
29500 283.919
29600 284.526
29700 287.282
29800 284.145
29900 287.676
30000 284.807
