100 75243.9
200 15700.9
300 3047.12
400 840.618
500 376.984
600 358.688
700 331.141
800 315.751
900 325.63
1000 329.228
1100 348.139
1200 335.73
1300 333.494
1400 321.369
1500 319.356
1600 327.353
1700 346.127
1800 342.818
1900 319.907
2000 321.249
2100 325.845
2200 331.575
2300 414.625
2400 414.059
2500 350.016
2600 341.038
2700 334.816
2800 322.437
2900 440.191
3000 323.885
3100 315.921
3200 320.611
3300 334.075
3400 342.508
3500 324.321
3600 351.992
3700 322.382
3800 348.527
3900 357.983
4000 337.914
4100 325.293
4200 319.151
4300 320.51
4400 334.712
4500 321.426
4600 322.968
4700 344.714
4800 318.456
4900 339.215
5000 320.806
5100 327.689
5200 325.503
5300 322.352
5400 330.824
5500 324.686
5600 323.485
5700 365.563
5800 321.992
5900 349.602
6000 338.06
6100 330.888
6200 335.799
6300 326.985
6400 337.772
6500 336.037
6600 360.975
6700 318.02
6800 324.904
6900 326.293
7000 325.992
7100 325.609
7200 320.552
7300 407.678
7400 316.307
7500 328.975
7600 327.116
7700 347.068
7800 319.087
7900 327.445
8000 341.926
8100 321.965
8200 355.811
8300 329.347
8400 323.125
8500 322.585
8600 347.075
8700 321.135
8800 341.941
8900 395.833
9000 316.748
9100 327.041
9200 345.202
9300 333.988
9400 322.811
9500 318.811
9600 329.098
9700 339.576
9800 332.531
9900 333.436
10000 325.619
10100 330.229
10200 319.061
10300 373.112
10400 386.636
10500 320.591
10600 572.97
10700 330.075
10800 405.723
10900 328.226
11000 323.367
11100 331.533
11200 381.505
11300 334.943
11400 317.929
11500 326.351
11600 326.979
11700 382.799
11800 326.711
11900 317.084
12000 353.37
12100 366.889
12200 329.275
12300 389.579
12400 327.958
12500 333.159
12600 331.93
12700 351.871
12800 335.395
12900 348.731
13000 345.258
13100 335.567
13200 321.038
13300 328.613
13400 370.681
13500 328.371
13600 326.014
13700 315.45
13800 318.856
13900 383.443
14000 319.988
14100 337.259
14200 345.115
14300 398.27
14400 330.293
14500 321.739
14600 325.299
14700 328.24
14800 532.792
14900 318.708
15000 331.332
15100 321.341
15200 345.587
15300 339.451
15400 321.339
15500 457.22
15600 330.389
15700 324.509
15800 337.785
15900 328.347
16000 324.513
16100 320.446
16200 332.886
16300 364.252
16400 336.803
16500 337.942
16600 364.864
16700 323.825
16800 323.292
16900 342.928
17000 362.327
17100 322.847
17200 332.777
17300 330.563
17400 322.701
17500 320.981
17600 324.088
17700 361.226
17800 319.285
17900 336.162
18000 320.054
18100 355.433
18200 353.613
18300 361.394
18400 337.669
18500 324.502
18600 325.145
18700 360.321
18800 329.008
18900 314.336
19000 330.647
19100 351.862
19200 325.953
19300 328.583
19400 388.036
19500 319.864
19600 346.684
19700 318.099
19800 318.489
19900 354.042
20000 322.206
20100 319.303
20200 319.082
20300 324.885
20400 367.829
20500 323.439
20600 354.928
20700 365.96
20800 436.712
20900 403.092
21000 318.215
21100 317.889
21200 446.329
21300 325.835
21400 346.237
21500 319.705
21600 390.349
21700 366.603
21800 330.272
21900 318.903
22000 324.145
22100 318.478
22200 323.993
22300 323.267
22400 330.703
22500 338.247
22600 331.439
22700 333.828
22800 350.799
22900 320.358
23000 322.299
23100 326.269
23200 365.865
23300 348.846
23400 319.643
23500 328.185
23600 346.434
23700 329.319
23800 323.791
23900 370.821
24000 326.964
24100 334.645
24200 360.084
24300 357.739
24400 322.483
24500 354.05
24600 325.38
24700 320.202
24800 411.217
24900 327.756
25000 336.908
25100 337.201
25200 319.864
25300 356.384
25400 513.121
25500 342.344
25600 338.972
25700 339.587
25800 319.94
25900 344.205
26000 333.203
26100 321.037
26200 338.252
26300 319.662
26400 476.766
26500 342.118
26600 338.871
26700 356.752
26800 317.531
26900 336.435
27000 316.145
27100 400.425
27200 323.459
27300 331.018
27400 327.873
27500 319.079
27600 329.547
27700 330.433
27800 475.37
27900 365.712
28000 326.208
28100 396.488
28200 321.807
28300 323.069
28400 331.815
28500 325.7
28600 319.255
28700 324.984
28800 326.117
28900 345.168
29000 367.519
29100 445.924
29200 340.533
29300 316.482
29400 320.813
29500 320.874
29600 329.18
29700 327.935
29800 335.969
29900 322.249
30000 340.814
