100 42.0076
200 38.4592
300 35.3128
400 32.2263
500 29.7187
600 27.1075
700 24.9375
800 23.0411
900 21.2063
1000 19.4856
1100 17.8809
1200 16.3539
1300 15.1359
1400 13.9813
1500 12.9934
1600 11.9616
1700 11.0244
1800 10.135
1900 9.35844
2000 8.58585
2100 7.80824
2200 7.1882
2300 6.54666
2400 6.02857
2500 5.53983
2600 5.10045
2700 4.74436
2800 4.38811
2900 4.02627
3000 3.70832
3100 3.42514
3200 3.1591
3300 2.93897
3400 2.72574
3500 2.53345
3600 2.33535
3700 2.15892
3800 1.99932
3900 1.85132
4000 1.72456
4100 1.59739
4200 1.48632
4300 1.3812
4400 1.28191
4500 1.18093
4600 1.09831
4700 1.01378
4800 0.933558
4900 0.859908
5000 0.798957
5100 0.739024
5200 0.68379
5300 0.630737
5400 0.58768
5500 0.547133
5600 0.508191
5700 0.472508
5800 0.438427
5900 0.403637
6000 0.374354
6100 0.344894
6200 0.320127
6300 0.295995
6400 0.273046
6500 0.252082
6600 0.233328
6700 0.2166
6800 0.200921
6900 0.186206
7000 0.173192
7100 0.16061
7200 0.148807
7300 0.138476
7400 0.128143
7500 0.119635
7600 0.110694
7700 0.102259
7800 0.0946332
7900 0.0882461
8000 0.0828347
8100 0.0771545
8200 0.0714358
8300 0.0669499
8400 0.0627857
8500 0.0583482
8600 0.054668
8700 0.0512794
8800 0.0483375
8900 0.0459513
9000 0.0429593
9100 0.0407874
9200 0.0387185
9300 0.0365116
9400 0.0343096
9500 0.0323234
9600 0.0313109
9700 0.0308946
9800 0.0298953
9900 0.0284427
10000 0.0276303
10100 0.0265182
10200 0.0253948
10300 0.024244
10400 0.0236872
10500 0.0232019
10600 0.0228075
10700 0.0223946
10800 0.0225906
10900 0.0221352
11000 0.0210271
11100 0.0205939
11200 0.0203612
11300 0.0206091
11400 0.0203537
11500 0.0201567
11600 0.0198364
11700 0.0200526
11800 0.0199453
11900 0.0197606
12000 0.0198261
12100 0.0195721
12200 0.019891
12300 0.0202601
12400 0.0201477
12500 0.0199457
12600 0.020167
12700 0.0196057
12800 0.01974
12900 0.0198008
13000 0.0199607
13100 0.0202827
13200 0.0202857
13300 0.0197429
13400 0.0199951
13500 0.0199547
13600 0.0198287
13700 0.019451
13800 0.0192798
13900 0.0190422
14000 0.0187943
14100 0.0191787
14200 0.0197007
14300 0.0194194
14400 0.0195299
14500 0.0192972
14600 0.0189173
14700 0.0188822
14800 0.0191667
14900 0.0195828
15000 0.0197046
15100 0.0197941
15200 0.0201835
15300 0.0210459
15400 0.0206434
15500 0.0203646
15600 0.0201698
15700 0.0199615
15800 0.0197367
15900 0.0192924
16000 0.0196432
16100 0.0204706
16200 0.02028
16300 0.0196599
16400 0.0205857
16500 0.020644
16600 0.0205825
16700 0.0201002
16800 0.0195194
16900 0.0198288
17000 0.019679
17100 0.0196202
17200 0.0201899
17300 0.0199522
17400 0.0196298
17500 0.0194843
17600 0.0195703
17700 0.0194559
17800 0.0191791
17900 0.0193377
18000 0.0191659
18100 0.0202832
18200 0.0205476
18300 0.0230216
18400 0.0226864
18500 0.0221506
18600 0.0219592
18700 0.0214027
18800 0.0209495
18900 0.0205309
19000 0.0202939
19100 0.0204929
19200 0.0201585
19300 0.021394
19400 0.0215549
19500 0.0216196
19600 0.0209173
19700 0.0205075
19800 0.0207481
19900 0.0208447
20000 0.0204726
20100 0.0210275
20200 0.0213578
20300 0.0210143
20400 0.0214001
20500 0.0215536
20600 0.0217348
20700 0.0215825
20800 0.0212122
20900 0.0205588
21000 0.0206788
21100 0.0206228
21200 0.0201629
21300 0.020348
21400 0.0201394
21500 0.01992
21600 0.0209261
21700 0.0207312
21800 0.0207837
21900 0.0207485
22000 0.0203223
22100 0.0197112
22200 0.0194127
22300 0.0193008
22400 0.0200891
22500 0.0203389
22600 0.0203272
22700 0.020068
22800 0.0200606
22900 0.0200746
23000 0.0195944
23100 0.0200279
23200 0.0198563
23300 0.0198059
23400 0.019917
23500 0.0198763
23600 0.0196441
23700 0.0200708
23800 0.0200368
23900 0.0201121
24000 0.0203875
24100 0.0200296
24200 0.0206276
24300 0.0204828
24400 0.0204994
24500 0.0206779
24600 0.0206628
24700 0.0199218
24800 0.019487
24900 0.0196801
25000 0.0206009
25100 0.0205397
25200 0.0205876
25300 0.0200228
25400 0.0201598
25500 0.0204862
25600 0.0206075
25700 0.0202838
25800 0.020622
25900 0.0204339
26000 0.0201197
26100 0.0199283
26200 0.0197075
26300 0.0199363
26400 0.0199503
26500 0.0202992
26600 0.0207214
26700 0.0200603
26800 0.0203976
26900 0.0203408
27000 0.0203755
27100 0.020343
27200 0.0206001
27300 0.0201467
27400 0.0207455
27500 0.0210606
27600 0.0211416
27700 0.0213469
27800 0.020851
27900 0.0208778
28000 0.0211354
28100 0.0214924
28200 0.0213466
28300 0.0209861
28400 0.0208082
28500 0.0204327
28600 0.0200809
28700 0.0197501
28800 0.020193
28900 0.0196972
29000 0.0196361
29100 0.0195481
29200 0.019473
29300 0.0196535
29400 0.0193354
29500 0.0190808
29600 0.0194867
29700 0.0195681
29800 0.0192945
29900 0.0198247
30000 0.019167
