100 55.8356
200 51.5193
300 47.492
400 43.5079
500 40.3487
600 37.2447
700 34.28
800 31.6111
900 29.1642
1000 26.7984
1100 24.7945
1200 22.7422
1300 20.937
1400 19.5328
1500 18.0628
1600 16.5611
1700 15.3792
1800 14.247
1900 13.2534
2000 12.2356
2100 11.2415
2200 10.2904
2300 9.48198
2400 8.68244
2500 8.08452
2600 7.50026
2700 7.04758
2800 6.55097
2900 6.04771
3000 5.56873
3100 5.17935
3200 4.79738
3300 4.45942
3400 4.11667
3500 3.83259
3600 3.55217
3700 3.3143
3800 3.04604
3900 2.79078
4000 2.59519
4100 2.41478
4200 2.26268
4300 2.09578
4400 1.93249
4500 1.78389
4600 1.65374
4700 1.52916
4800 1.41423
4900 1.31971
5000 1.21941
5100 1.13725
5200 1.05024
5300 0.968698
5400 0.900739
5500 0.840131
5600 0.786239
5700 0.729126
5800 0.676314
5900 0.625362
6000 0.58572
6100 0.546701
6200 0.505697
6300 0.467136
6400 0.435444
6500 0.406233
6600 0.37525
6700 0.350943
6800 0.324845
6900 0.302983
7000 0.281987
7100 0.260301
7200 0.242028
7300 0.222841
7400 0.207734
7500 0.194126
7600 0.180782
7700 0.168265
7800 0.158302
7900 0.147899
8000 0.138662
8100 0.129551
8200 0.120751
8300 0.113495
8400 0.105398
8500 0.098211
8600 0.0917219
8700 0.0857546
8800 0.0801349
8900 0.0761591
9000 0.0709223
9100 0.0674042
9200 0.0637107
9300 0.0603015
9400 0.0569164
9500 0.0536972
9600 0.0517537
9700 0.0510964
9800 0.0489055
9900 0.0462282
10000 0.0443923
10100 0.0424697
10200 0.0401893
10300 0.0385379
10400 0.0371732
10500 0.0356753
10600 0.0345971
10700 0.0338987
10800 0.0340921
10900 0.0334638
11000 0.0321792
11100 0.0309468
11200 0.0308888
11300 0.0309562
11400 0.0304637
11500 0.0300489
11600 0.0303159
11700 0.0301759
11800 0.0303759
11900 0.0297048
12000 0.0299359
12100 0.0296571
12200 0.0289034
12300 0.0294136
12400 0.0291848
12500 0.0294997
12600 0.0294871
12700 0.0293045
12800 0.0286461
12900 0.0295797
13000 0.0289269
13100 0.0286486
13200 0.0298143
13300 0.0299037
13400 0.0301392
13500 0.0305732
13600 0.0304869
13700 0.0300442
13800 0.0297733
13900 0.0291384
14000 0.0284012
14100 0.0287418
14200 0.0290689
14300 0.0291964
14400 0.0286348
14500 0.028347
14600 0.0278089
14700 0.0279523
14800 0.0283937
14900 0.0292825
15000 0.0289214
15100 0.0288155
15200 0.0297983
15300 0.0317523
15400 0.0308655
15500 0.0306919
15600 0.030581
15700 0.0300494
15800 0.0294698
15900 0.0294729
16000 0.0296267
16100 0.0308724
16200 0.030743
16300 0.0299323
16400 0.0316821
16500 0.0318626
16600 0.0314242
16700 0.0312336
16800 0.0307245
16900 0.0299496
17000 0.0298745
17100 0.0293841
17200 0.0295824
17300 0.0287278
17400 0.0281745
17500 0.0280501
17600 0.0286904
17700 0.028401
17800 0.0284665
17900 0.0281123
18000 0.0278803
18100 0.0282372
18200 0.0283695
18300 0.0285682
18400 0.0286214
18500 0.028301
18600 0.0289536
18700 0.0288974
18800 0.0288055
18900 0.0285513
19000 0.02807
19100 0.0289641
19200 0.0291502
19300 0.0287767
19400 0.0292536
19500 0.0293048
19600 0.0293009
19700 0.0294502
19800 0.0293823
19900 0.0298114
20000 0.029194
20100 0.0296291
20200 0.0308532
20300 0.0299321
20400 0.0304286
20500 0.0314527
20600 0.0313374
20700 0.0312439
20800 0.0311754
20900 0.0305078
21000 0.0313551
21100 0.0315712
21200 0.0306967
21300 0.0307578
21400 0.0306835
21500 0.0305753
21600 0.0307364
21700 0.0305239
21800 0.0303426
21900 0.0301038
22000 0.0302847
22100 0.0293914
22200 0.0292492
22300 0.0289324
22400 0.031041
22500 0.0305642
22600 0.0306576
22700 0.0302547
22800 0.0302501
22900 0.0306819
23000 0.0300593
23100 0.0302573
23200 0.0295407
23300 0.0300585
23400 0.0302255
23500 0.03022
23600 0.0291396
23700 0.0295398
23800 0.0290915
23900 0.0294359
24000 0.0301453
24100 0.0293031
24200 0.029587
24300 0.0291601
24400 0.0290923
24500 0.0289099
24600 0.0290015
24700 0.0287921
24800 0.0286191
24900 0.0287709
25000 0.0309452
25100 0.030293
25200 0.029982
25300 0.029935
25400 0.0302366
25500 0.0308204
25600 0.0306383
25700 0.0303258
25800 0.030147
25900 0.030253
26000 0.0298388
26100 0.0299807
26200 0.0296211
26300 0.0298336
26400 0.0296969
26500 0.0299414
26600 0.0301556
26700 0.0293881
26800 0.0294914
26900 0.0293332
27000 0.028961
27100 0.0290969
27200 0.0298011
27300 0.0298006
27400 0.0320175
27500 0.0322914
27600 0.0321866
27700 0.0324948
27800 0.0317774
27900 0.0316949
28000 0.0319662
28100 0.032664
28200 0.032738
28300 0.0321564
28400 0.0319996
28500 0.0314663
28600 0.0308594
28700 0.0309951
28800 0.0320637
28900 0.0313186
29000 0.0305206
29100 0.0299036
29200 0.0299255
29300 0.0296261
29400 0.0288425
29500 0.0282241
29600 0.0281845
29700 0.0280753
29800 0.0279859
29900 0.0281358
30000 0.0279486
