100 325269
200 280459
300 222012
400 181111
500 148100
600 122371
700 101672
800 84548.1
900 79605.1
1000 57085.4
1100 47344.9
1200 39260.6
1300 32679.3
1400 27506.4
1500 22746.2
1600 18439.3
1700 15008.2
1800 12431.2
1900 10443.2
2000 9051.37
2100 7497.37
2200 6281.73
2300 5136.36
2400 4241.7
2500 3530.69
2600 3041.36
2700 2495.59
2800 2084.75
2900 1779.64
3000 1529.85
3100 1301.06
3200 1173.28
3300 931.229
3400 797.878
3500 706.762
3600 616.383
3700 569.557
3800 524.701
3900 484.16
4000 458.096
4100 457.968
4200 415.034
4300 432.922
4400 399.287
4500 395.143
4600 399.403
4700 436.627
4800 386.35
4900 386.353
5000 380.914
5100 405.042
5200 393.421
5300 396.852
5400 398.471
5500 399.125
5600 417.472
5700 386.278
5800 387.62
5900 389.039
6000 383.287
6100 376.517
6200 411.475
6300 408.805
6400 404.477
6500 410.602
6600 415.514
6700 396.683
6800 394.194
6900 396.904
7000 389.667
7100 463.55
7200 406.595
7300 387.77
7400 392.415
7500 389.55
7600 391.028
7700 383.487
7800 393.566
7900 388.968
8000 394.501
8100 400.557
8200 414.452
8300 408.506
8400 408.125
8500 413.993
8600 421.942
8700 388.314
8800 387.234
8900 382.944
9000 388.875
9100 384.867
9200 423.51
9300 398.06
9400 392.185
9500 387.09
9600 397.11
9700 420.027
9800 413.18
9900 401.156
10000 396.653
10100 418.561
10200 396.806
10300 398.137
10400 407.421
10500 394.392
10600 383.69
10700 380.917
10800 393.772
10900 395.948
11000 395.276
11100 382.599
11200 377.324
11300 382.446
11400 383.907
11500 382.566
11600 406.755
11700 391.323
11800 402.717
11900 392.687
12000 393.079
12100 397.531
12200 402.412
12300 382.462
12400 382.249
12500 381.797
12600 383.747
12700 423.583
12800 378.631
12900 383.726
13000 379.782
13100 381.239
13200 389.258
13300 391.706
13400 389.387
13500 436.437
13600 386.183
13700 379.027
13800 376.066
13900 374.801
14000 375.656
14100 385.368
14200 385.189
14300 382.854
14400 417.376
14500 391.959
14600 379.017
14700 395.138
14800 383.704
14900 446.243
15000 393.28
15100 396.118
15200 419.828
15300 494.188
15400 420.331
15500 436.068
15600 446.579
15700 394.704
15800 403.465
15900 397.446
16000 402.088
16100 425.17
16200 413.551
16300 390.751
16400 406.324
16500 408.485
16600 402.365
16700 401.692
16800 396.059
16900 410.211
17000 393.929
17100 401.088
17200 389.817
17300 408.083
17400 396.73
17500 390.664
17600 402.573
17700 392.472
17800 387.725
17900 391.197
18000 388.115
18100 390.674
18200 387.685
18300 389.204
18400 420.998
18500 380.819
18600 389.048
18700 392.136
18800 434.431
18900 383.043
19000 385.465
19100 447.472
19200 383.385
19300 407.638
19400 464.892
19500 390.911
19600 389.3
19700 390.026
19800 401.256
19900 397.885
20000 394.132
20100 393.796
20200 420.293
20300 388.473
20400 416.742
20500 407.919
20600 394.66
20700 398.063
20800 391.461
20900 395.934
21000 403.888
21100 441.493
21200 392.806
21300 394.751
21400 432.807
21500 392.862
21600 399.361
21700 396.549
21800 403.045
21900 396.661
22000 398.389
22100 409.647
22200 385.052
22300 385.273
22400 408.093
22500 407.301
22600 395.201
22700 397.891
22800 431.547
22900 407.035
23000 395.78
23100 385.786
23200 387.65
23300 393.285
23400 395.719
23500 427.888
23600 381.823
23700 381.12
23800 399.612
23900 393.32
24000 401.179
24100 382.448
24200 389.095
24300 395.884
24400 392.037
24500 382.59
24600 389.451
24700 392.914
24800 403.751
24900 387.159
25000 401.47
25100 395.904
25200 381.764
25300 392.272
25400 419.452
25500 403.218
25600 394.084
25700 390.33
25800 383.462
25900 388.781
26000 387.454
26100 405.058
26200 392.76
26300 409.594
26400 401.976
26500 394.671
26600 393.478
26700 387.233
26800 401.966
26900 416.308
27000 381.308
27100 378.333
27200 388.533
27300 386.179
27400 414.465
27500 407.615
27600 403.08
27700 417.743
27800 400.864
27900 410.932
28000 401.216
28100 399.336
28200 394.402
28300 398.243
28400 383.771
28500 381.343
28600 385.097
28700 382.542
28800 403.369
28900 387.952
29000 389.324
29100 380.617
29200 391.509
29300 394.459
29400 374.387
29500 411.327
29600 374.878
29700 380.94
29800 378.629
29900 399.615
30000 377.595
