100 142907
200 130510
300 119375
400 108815
500 100103
600 91170.3
700 83735.8
800 77618.6
900 70957.5
1000 65066.9
1100 59660.4
1200 54444.8
1300 50325.9
1400 46300.6
1500 43008.9
1600 39591.1
1700 36345.2
1800 33423.6
1900 30833.7
2000 28234
2100 25587
2200 23507.6
2300 21368.8
2400 19755.3
2500 18034.1
2600 16582.9
2700 15409.5
2800 14223.5
2900 13028.4
3000 11977.5
3100 11166.7
3200 10191.1
3300 9479.25
3400 8781.51
3500 8155.78
3600 7513.36
3700 6932.66
3800 6516.89
3900 5941.48
4000 5525.06
4100 5119.28
4200 4756.51
4300 4424.3
4400 4113.59
4500 3789.12
4600 3523.63
4700 3237.75
4800 2980.03
4900 2747.16
5000 2553.14
5100 2359.01
5200 2183.95
5300 2016.16
5400 1882.52
5500 1758.62
5600 1643.73
5700 1520.53
5800 1412.24
5900 1306.76
6000 1212.38
6100 1122.23
6200 1052.64
6300 972.339
6400 902.851
6500 840.447
6600 785.374
6700 740.535
6800 690.296
6900 649.133
7000 611.232
7100 576.906
7200 544.091
7300 521.743
7400 490.369
7500 468.555
7600 446.145
7700 431.19
7800 410.154
7900 393.863
8000 382.779
8100 371.233
8200 359.192
8300 351.015
8400 343.199
8500 337.19
8600 333.666
8700 324.753
8800 322.515
8900 317.362
9000 312.088
9100 309.493
9200 308.617
9300 306.904
9400 303.599
9500 299.527
9600 298.814
9700 299.206
9800 297.249
9900 296.353
10000 295.424
10100 294.336
10200 293.157
10300 292.127
10400 292.418
10500 291.357
10600 291.087
10700 295.215
10800 290.994
10900 290.586
11000 293.379
11100 291.18
11200 289.216
11300 289.421
11400 290.939
11500 289.575
11600 292.271
11700 289.04
11800 288.983
11900 290.929
12000 288.926
12100 293.693
12200 289.375
12300 293.362
12400 290.786
12500 290.72
12600 289.519
12700 289.514
12800 289.435
12900 299.093
13000 289.305
13100 291.335
13200 290.099
13300 290.022
13400 289.519
13500 289.032
13600 290.612
13700 289.18
13800 288.566
13900 288.292
14000 291.552
14100 289.575
14200 288.869
14300 288.641
14400 296.407
14500 290.035
14600 288.378
14700 290.715
14800 289.064
14900 288.758
15000 292.276
15100 289.033
15200 297.481
15300 291.816
15400 299.066
15500 293.978
15600 291.952
15700 289.267
15800 288.994
15900 288.532
16000 291.994
16100 292.609
16200 296.192
16300 288.781
16400 296.449
16500 289.651
16600 290.313
16700 291.443
16800 290.044
16900 301.405
17000 289.548
17100 289.284
17200 293.84
17300 290.655
17400 288.799
17500 288.716
17600 288.709
17700 289.942
17800 288.427
17900 290.641
18000 288.92
18100 293.112
18200 290.999
18300 292.659
18400 291.965
18500 290.823
18600 297.444
18700 290.518
18800 290.681
18900 289.596
19000 289.474
19100 289.976
19200 289.87
19300 291.516
19400 294.074
19500 301.956
19600 290.572
19700 289.589
19800 291.122
19900 291.185
20000 289.684
20100 314.835
20200 290.14
20300 289.91
20400 293.218
20500 290.348
20600 291.656
20700 290.349
20800 291.888
20900 289.473
21000 290.46
21100 289.5
21200 290.032
21300 289.302
21400 289.373
21500 289.542
21600 289.81
21700 290.213
21800 290.65
21900 290.608
22000 289.713
22100 288.824
22200 288.99
22300 288.966
22400 289.433
22500 289.502
22600 289.28
22700 289.726
22800 290.659
22900 291.412
23000 290.257
23100 289.093
23200 291.879
23300 288.829
23400 291.352
23500 292.185
23600 288.751
23700 293.341
23800 290.498
23900 290.195
24000 289.288
24100 289.02
24200 289.857
24300 289.471
24400 290.45
24500 293.619
24600 290.282
24700 288.97
24800 289.091
24900 289.009
25000 290.165
25100 292.156
25200 293.07
25300 289.42
25400 289.435
25500 290.138
25600 289.709
25700 290.333
25800 291.277
25900 289.772
26000 289.31
26100 294.395
26200 289.008
26300 290.023
26400 289.307
26500 289.315
26600 289.703
26700 289.457
26800 289.381
26900 290.082
27000 289.38
27100 289.433
27200 291.63
27300 291.067
27400 291.459
27500 290.888
27600 295.518
27700 291.488
27800 289.946
27900 289.938
28000 294.573
28100 291.206
28200 290.362
28300 290.981
28400 290.234
28500 289.441
28600 290.781
28700 288.95
28800 298.01
28900 288.936
29000 289.208
29100 288.74
29200 289.596
29300 289.373
29400 290.167
29500 289.29
29600 294.066
29700 298.851
29800 289.632
29900 289.354
30000 288.519
