100 31.3344
200 28.5772
300 26.0685
400 23.7714
500 21.7393
600 19.8299
700 18.094
800 16.5511
900 15.149
1000 13.8623
1100 12.7137
1200 11.6519
1300 10.7073
1400 9.79227
1500 8.9611
1600 8.20981
1700 7.50849
1800 6.88176
1900 6.31629
2000 5.78546
2100 5.30618
2200 4.879
2300 4.47145
2400 4.11294
2500 3.7778
2600 3.48113
2700 3.21371
2800 2.96625
2900 2.71714
3000 2.49686
3100 2.2984
3200 2.11008
3300 1.94515
3400 1.79409
3500 1.65132
3600 1.52297
3700 1.40448
3800 1.29833
3900 1.19559
4000 1.10298
4100 1.01753
4200 0.939242
4300 0.864812
4400 0.796191
4500 0.735177
4600 0.678049
4700 0.62595
4800 0.57838
4900 0.534914
5000 0.493137
5100 0.455781
5200 0.421561
5300 0.388591
5400 0.358588
5500 0.331201
5600 0.307493
5700 0.284532
5800 0.263694
5900 0.243965
6000 0.225652
6100 0.208736
6200 0.193328
6300 0.179163
6400 0.165686
6500 0.153214
6600 0.141533
6700 0.131491
6800 0.121753
6900 0.112851
7000 0.104649
7100 0.0973415
7200 0.0900217
7300 0.0833748
7400 0.0772337
7500 0.0715579
7600 0.0663948
7700 0.0615309
7800 0.0569795
7900 0.0525468
8000 0.0486796
8100 0.0450827
8200 0.0419104
8300 0.0391901
8400 0.0367017
8500 0.0340194
8600 0.0316441
8700 0.0295468
8800 0.0276054
8900 0.0257072
9000 0.0239857
9100 0.0223928
9200 0.0211189
9300 0.0198129
9400 0.0185081
9500 0.0174012
9600 0.0164779
9700 0.0155385
9800 0.0145785
9900 0.0138924
10000 0.0130455
10100 0.0124639
10200 0.0118654
10300 0.0111557
10400 0.0107269
10500 0.0103618
10600 0.0101141
10700 0.00969809
10800 0.00941947
10900 0.00917495
11000 0.00899007
11100 0.00886648
11200 0.00865043
11300 0.00842765
11400 0.00830306
11500 0.00829769
11600 0.00829507
11700 0.0082818
11800 0.00819977
11900 0.0080188
12000 0.00809155
12100 0.00801101
12200 0.00793868
12300 0.00804645
12400 0.00783926
12500 0.0077878
12600 0.00785366
12700 0.00773242
12800 0.00767658
12900 0.00779036
13000 0.0078141
13100 0.00780727
13200 0.00770024
13300 0.00779628
13400 0.00799988
13500 0.00791502
13600 0.00799791
13700 0.00797263
13800 0.00807895
13900 0.00811504
14000 0.00809817
14100 0.00818483
14200 0.00787392
14300 0.00785844
14400 0.00768581
14500 0.0075509
14600 0.00760444
14700 0.00753087
14800 0.00768826
14900 0.00767744
15000 0.00757122
15100 0.00752422
15200 0.00759783
15300 0.00773262
15400 0.00780172
15500 0.00777594
15600 0.00774114
15700 0.00776223
15800 0.00774349
15900 0.00768676
16000 0.00749494
16100 0.00763995
16200 0.00774091
16300 0.00763534
16400 0.00774596
16500 0.00764777
16600 0.00776735
16700 0.00787893
16800 0.00771534
16900 0.0077942
17000 0.00796124
17100 0.00790967
17200 0.00790955
17300 0.00790226
17400 0.00793151
17500 0.00780573
17600 0.00764753
17700 0.00764136
17800 0.00761616
17900 0.00772366
18000 0.00785238
18100 0.00776136
18200 0.00794795
18300 0.00797528
18400 0.00792319
18500 0.0078431
18600 0.00787667
18700 0.0077597
18800 0.00759101
18900 0.00745944
19000 0.00755705
19100 0.00737168
19200 0.00752085
19300 0.00773064
19400 0.00777417
19500 0.00775251
19600 0.00773398
19700 0.00759732
19800 0.00762631
19900 0.00749485
20000 0.00768454
20100 0.00782379
20200 0.00780438
20300 0.00758186
20400 0.00758221
20500 0.00773448
20600 0.007654
20700 0.00786773
20800 0.00786499
20900 0.00777377
21000 0.00787708
21100 0.00789428
21200 0.00781852
21300 0.00803349
21400 0.00804332
21500 0.00796496
21600 0.00794223
21700 0.00799716
21800 0.00796721
21900 0.00780521
22000 0.00791813
22100 0.00779727
22200 0.00776532
22300 0.00765184
22400 0.00767661
22500 0.00767711
22600 0.00794998
22700 0.00795433
22800 0.00789879
22900 0.0078802
23000 0.00778528
23100 0.00794541
23200 0.00788469
23300 0.00785592
23400 0.00776457
23500 0.00785901
23600 0.00777283
23700 0.0076386
23800 0.0076575
23900 0.00787319
24000 0.00777042
24100 0.00783538
24200 0.00793021
24300 0.00802971
24400 0.00789269
24500 0.00811544
24600 0.00813468
24700 0.00805836
24800 0.00812668
24900 0.00795964
25000 0.0080546
25100 0.007965
25200 0.0080789
25300 0.00802074
25400 0.00796883
25500 0.00790602
25600 0.00797879
25700 0.00788894
25800 0.00788109
25900 0.00781985
26000 0.00785851
26100 0.00784593
26200 0.00785782
26300 0.00787505
26400 0.00784227
26500 0.0075862
26600 0.00757847
26700 0.00757369
26800 0.0076141
26900 0.00766735
27000 0.00756961
27100 0.0075763
27200 0.00753567
27300 0.0074142
27400 0.00735442
27500 0.00725118
27600 0.00747239
27700 0.00749368
27800 0.00748788
27900 0.00753928
28000 0.00753446
28100 0.0075341
28200 0.00743062
28300 0.00763582
28400 0.00766577
28500 0.00770975
28600 0.00770746
28700 0.00760222
28800 0.0074043
28900 0.00739167
29000 0.00737473
29100 0.00748
29200 0.00741839
29300 0.00752051
29400 0.00746967
29500 0.0075168
29600 0.00759279
29700 0.00761794
29800 0.00746973
29900 0.00766786
30000 0.00774491
