100 22.6511
200 4.4593
300 0.925787
400 0.205297
500 0.0636321
600 0.0465223
700 0.04838
800 0.0413634
900 0.0482405
1000 0.0435519
1100 0.0444822
1200 0.0460108
1300 0.0437921
1400 0.0461196
1500 0.0437419
1600 0.049186
1700 0.0457765
1800 0.0508897
1900 0.0435446
2000 0.0446376
2100 0.0463007
2200 0.0468099
2300 0.0483228
2400 0.0471012
2500 0.0498639
2600 0.0454631
2700 0.0505809
2800 0.0458917
2900 0.0465369
3000 0.0453402
3100 0.0427034
3200 0.0438194
3300 0.0415276
3400 0.0486649
3500 0.0459367
3600 0.0444566
3700 0.0467245
3800 0.047781
3900 0.0563859
4000 0.0466133
4100 0.0448111
4200 0.0443919
4300 0.0449762
4400 0.0460351
4500 0.0460615
4600 0.0445791
4700 0.0455069
4800 0.0422571
4900 0.0469824
5000 0.0459605
5100 0.0456367
5200 0.0462089
5300 0.0452494
5400 0.0472154
5500 0.0444784
5600 0.0472011
5700 0.049706
5800 0.0463621
5900 0.0472678
6000 0.0475107
6100 0.0431766
6200 0.045282
6300 0.0445827
6400 0.0451518
6500 0.0464339
6600 0.0449029
6700 0.043888
6800 0.0479793
6900 0.0491467
7000 0.0445367
7100 0.0461007
7200 0.0452322
7300 0.0477621
7400 0.0427203
7500 0.0418335
7600 0.0487677
7700 0.0444334
7800 0.0432328
7900 0.0477018
8000 0.0478548
8100 0.0462897
8200 0.0466978
8300 0.046274
8400 0.0467344
8500 0.0461153
8600 0.0471347
8700 0.0460501
8800 0.0478264
8900 0.0476586
9000 0.042798
9100 0.0471883
9200 0.0569374
9300 0.0501949
9400 0.0444519
9500 0.0438596
9600 0.0432403
9700 0.0482318
9800 0.0492239
9900 0.0448144
10000 0.0465382
10100 0.047168
10200 0.0447818
10300 0.0429735
10400 0.0457477
10500 0.0455568
10600 0.0492738
10700 0.0468909
10800 0.0479255
10900 0.046038
11000 0.0474536
11100 0.0513809
11200 0.0452893
11300 0.0458482
11400 0.0439802
11500 0.0468722
11600 0.0478189
11700 0.0480113
11800 0.0453715
11900 0.0421376
12000 0.0475366
12100 0.0459073
12200 0.0481656
12300 0.0462183
12400 0.0501208
12500 0.0463377
12600 0.0521348
12700 0.0516169
12800 0.0458183
12900 0.0464335
13000 0.0478606
13100 0.0464895
13200 0.0461232
13300 0.045904
13400 0.0456974
13500 0.0498997
13600 0.0450235
13700 0.0412122
13800 0.0433106
13900 0.0435966
14000 0.044453
14100 0.0471629
14200 0.0432743
14300 0.0444358
14400 0.0428133
14500 0.0452055
14600 0.0456456
14700 0.0457481
14800 0.0499884
14900 0.0443306
15000 0.0500747
15100 0.0452666
15200 0.0463262
15300 0.0475499
15400 0.04516
15500 0.0475539
15600 0.0476124
15700 0.0460113
15800 0.0486193
15900 0.044694
16000 0.0482013
16100 0.0448739
16200 0.0466173
16300 0.0459764
16400 0.0474336
16500 0.043095
16600 0.0476488
16700 0.0451574
16800 0.0413135
16900 0.0500114
17000 0.0468736
17100 0.0419169
17200 0.0455401
17300 0.0500003
17400 0.0465656
17500 0.0442896
17600 0.0454803
17700 0.043678
17800 0.0427214
17900 0.0479699
18000 0.0449243
18100 0.0469753
18200 0.0468819
18300 0.0589043
18400 0.0453452
18500 0.0435726
18600 0.0461897
18700 0.0451744
18800 0.0429405
18900 0.0415257
19000 0.0511984
19100 0.0448926
19200 0.0471779
19300 0.0505624
19400 0.0445876
19500 0.0451009
19600 0.04563
19700 0.0419858
19800 0.0443614
19900 0.045916
20000 0.0444459
20100 0.0450171
20200 0.0446567
20300 0.0459067
20400 0.0475607
20500 0.0464171
20600 0.0456207
20700 0.0501982
20800 0.0544317
20900 0.0482459
21000 0.0439473
21100 0.0425534
21200 0.046561
21300 0.0458385
21400 0.043971
21500 0.0450191
21600 0.0464088
21700 0.046686
21800 0.0469026
21900 0.0439025
22000 0.0449469
22100 0.041955
22200 0.0475344
22300 0.0472798
22400 0.0470239
22500 0.0444533
22600 0.0509956
22700 0.0482298
22800 0.0486246
22900 0.0454745
23000 0.0458212
23100 0.0452006
23200 0.0473019
23300 0.0456109
23400 0.0450513
23500 0.0481102
23600 0.0467654
23700 0.0442572
23800 0.0461493
23900 0.0478884
24000 0.0487051
24100 0.0478479
24200 0.048526
24300 0.0462661
24400 0.0431324
24500 0.04699
24600 0.0458019
24700 0.0445232
24800 0.0450989
24900 0.0470642
25000 0.0465162
25100 0.045829
25200 0.0449466
25300 0.0504122
25400 0.0511346
25500 0.0477815
25600 0.0478177
25700 0.0462289
25800 0.0453746
25900 0.045
26000 0.0453445
26100 0.0426789
26200 0.0466975
26300 0.0445247
26400 0.0463371
26500 0.0450172
26600 0.0478541
26700 0.048736
26800 0.0428538
26900 0.0490504
27000 0.0428239
27100 0.0466237
27200 0.0476008
27300 0.0483391
27400 0.0474913
27500 0.0439715
27600 0.0478758
27700 0.0492188
27800 0.0485153
27900 0.0458257
28000 0.0481488
28100 0.0504061
28200 0.046092
28300 0.0442602
28400 0.0429713
28500 0.0461108
28600 0.0441112
28700 0.0445819
28800 0.046338
28900 0.0445959
29000 0.0448971
29100 0.0464927
29200 0.0454871
29300 0.0424456
29400 0.0450572
29500 0.0443911
29600 0.0480288
29700 0.0493179
29800 0.0429283
29900 0.0464324
30000 0.0454064
