100 348705
200 320541
300 293370
400 272439
500 236041
600 213532
700 197614
800 178729
900 165290
1000 154706
1100 135263
1200 123749
1300 114732
1400 104221
1500 96657
1600 85637.7
1700 80972.2
1800 70021.3
1900 63345.2
2000 59687.4
2100 53572.7
2200 48739.9
2300 44870.6
2400 41217.8
2500 38675.2
2600 34712.9
2700 31245.8
2800 28503.2
2900 26850.4
3000 23720.3
3100 22687.8
3200 20794.6
3300 18669.1
3400 16776.6
3500 16458.9
3600 14364.9
3700 13380.3
3800 12073.4
3900 11941.5
4000 10095.9
4100 9518.19
4200 8410.41
4300 7786.27
4400 7143.52
4500 6371.14
4600 5822.94
4700 5284.48
4800 4868.63
4900 4326.9
5000 4085.55
5100 4155.92
5200 3342.3
5300 3150.61
5400 2875.81
5500 2572.99
5600 2474.69
5700 2141.31
5800 1942.49
5900 1844.8
6000 1628.44
6100 1467.79
6200 1385.62
6300 1258.82
6400 1168.21
6500 1089.1
6600 964.514
6700 911.308
6800 835.344
6900 799.242
7000 730.084
7100 691.686
7200 636.896
7300 602.53
7400 565.527
7500 543.801
7600 514.536
7700 498.694
7800 481.784
7900 467.129
8000 471.68
8100 453.794
8200 450.459
8300 462.959
8400 430.716
8500 461.34
8600 420.12
8700 412.566
8800 402.8
8900 403.231
9000 395.611
9100 391.264
9200 402.438
9300 421.836
9400 394.448
9500 418.58
9600 396.297
9700 399.482
9800 400.847
9900 388.57
10000 390.528
10100 393.363
10200 412.531
10300 394.581
10400 427.88
10500 409.904
10600 390.577
10700 396.607
10800 386.24
10900 389.004
11000 380.12
11100 407.031
11200 428.539
11300 379.57
11400 424.386
11500 377.26
11600 383.601
11700 397.81
11800 392.554
11900 386.625
12000 383.127
12100 388.876
12200 381.379
12300 383.393
12400 384.048
12500 413.072
12600 383.559
12700 383.41
12800 388.848
12900 396.583
13000 383.036
13100 381.032
13200 382.085
13300 382.932
13400 395.342
13500 419.425
13600 397.052
13700 384.335
13800 384.189
13900 385.892
14000 381.825
14100 380.259
14200 397.147
14300 385.797
14400 383.023
14500 384.459
14600 385.873
14700 400.944
14800 385.455
14900 389.22
15000 383.028
15100 385.001
15200 453.236
15300 455.83
15400 404.718
15500 389.963
15600 402.427
15700 390.689
15800 386.816
15900 392.944
16000 389.249
16100 393.633
16200 389.093
16300 385.397
16400 395.532
16500 391.647
16600 385.223
16700 387.299
16800 381.069
16900 387.905
17000 382.793
17100 393.641
17200 392.778
17300 397.384
17400 387.274
17500 384.684
17600 392.279
17700 405.24
17800 385.602
17900 381.548
18000 382.611
18100 385.419
18200 393.022
18300 392.309
18400 388.199
18500 383.359
18600 412.414
18700 391.06
18800 391.056
18900 389.826
19000 393.758
19100 421.179
19200 409.309
19300 388.473
19400 402.827
19500 385.59
19600 387.075
19700 385.11
19800 397.292
19900 399.13
20000 389.526
20100 397.455
20200 405.469
20300 393.072
20400 472.558
20500 393.989
20600 392.736
20700 392.822
20800 389.606
20900 385.499
21000 397.189
21100 404.183
21200 397.723
21300 398.144
21400 405.859
21500 393.849
21600 400.772
21700 436.417
21800 422.299
21900 408.205
22000 408.705
22100 389.499
22200 395.766
22300 415.694
22400 419.403
22500 424.221
22600 403.537
22700 396.554
22800 428.936
22900 401.42
23000 400.572
23100 422.052
23200 389.258
23300 401.689
23400 418.465
23500 397.45
23600 385.431
23700 411.564
23800 390.101
23900 428.206
24000 443.399
24100 391.249
24200 408.391
24300 389.453
24400 394.926
24500 384.273
24600 392.831
24700 390.059
24800 391.769
24900 400.082
25000 418.967
25100 397.986
25200 395.019
25300 388.757
25400 399.504
25500 396.033
25600 412.17
25700 396.103
25800 393.802
25900 402.491
26000 400.501
26100 428.649
26200 388.255
26300 389.113
26400 384.249
26500 393.515
26600 418.169
26700 389.322
26800 392.769
26900 399.372
27000 387.387
27100 381.732
27200 387.549
27300 380.474
27400 419.574
27500 410.229
27600 436.354
27700 426.255
27800 405.618
27900 429.988
28000 411.786
28100 400.509
28200 402.976
28300 413.053
28400 401.811
28500 389.322
28600 387.458
28700 390.838
28800 422.4
28900 388.041
29000 412.493
29100 384.933
29200 398.715
29300 380.958
29400 378.19
29500 426.499
29600 382.814
29700 370.984
29800 395.972
29900 394.573
30000 372.89
