100 104.292
200 99.5531
300 94.6932
400 90.3037
500 85.9125
600 81.6185
700 78.1423
800 74.7117
900 71.1634
1000 68.4745
1100 65.3476
1200 61.6584
1300 58.6157
1400 55.6523
1500 53.6457
1600 51.0385
1700 48.8802
1800 46.7272
1900 44.407
2000 42.8949
2100 41.0768
2200 39.1739
2300 37.5382
2400 36.2096
2500 34.5966
2600 32.4169
2700 30.6243
2800 29.0262
2900 27.472
3000 25.9023
3100 24.63
3200 23.4938
3300 22.2861
3400 21.36
3500 20.2101
3600 19.2244
3700 18.4351
3800 17.7775
3900 16.935
4000 16.0423
4100 15.4135
4200 14.7269
4300 14.0425
4400 13.3859
4500 12.8385
4600 12.1983
4700 11.618
4800 11.1001
4900 10.6303
5000 10.1597
5100 9.83276
5200 9.318
5300 8.90623
5400 8.57401
5500 8.21471
5600 7.86655
5700 7.57173
5800 7.24884
5900 6.99476
6000 6.72296
6100 6.45475
6200 6.18145
6300 5.9248
6400 5.66997
6500 5.45138
6600 5.19345
6700 4.87827
6800 4.67224
6900 4.45121
7000 4.27556
7100 4.03473
7200 3.85848
7300 3.65985
7400 3.49304
7500 3.32332
7600 3.16116
7700 3.03915
7800 2.91273
7900 2.75388
8000 2.62759
8100 2.51779
8200 2.43548
8300 2.31403
8400 2.1869
8500 2.07415
8600 1.96407
8700 1.88025
8800 1.79567
8900 1.70105
9000 1.61059
9100 1.54123
9200 1.47652
9300 1.38698
9400 1.33445
9500 1.26819
9600 1.20587
9700 1.14843
9800 1.0939
9900 1.05188
10000 0.998593
10100 0.964807
10200 0.923299
10300 0.887129
10400 0.853965
10500 0.818293
10600 0.778373
10700 0.73783
10800 0.702919
10900 0.66352
11000 0.632345
11100 0.607036
11200 0.583005
11300 0.560607
11400 0.534973
11500 0.511313
11600 0.491966
11700 0.461888
11800 0.44076
11900 0.420932
12000 0.400518
12100 0.385136
12200 0.36431
12300 0.348361
12400 0.334469
12500 0.322857
12600 0.306954
12700 0.294907
12800 0.279381
12900 0.265127
13000 0.254593
13100 0.247394
13200 0.234511
13300 0.225415
13400 0.213824
13500 0.20405
13600 0.197314
13700 0.190773
13800 0.184203
13900 0.177378
14000 0.170214
14100 0.164676
14200 0.159983
14300 0.155648
14400 0.150079
14500 0.145264
14600 0.139711
14700 0.137643
14800 0.132154
14900 0.127024
15000 0.124479
15100 0.119299
15200 0.117138
15300 0.115429
15400 0.112196
15500 0.108967
15600 0.106228
15700 0.104807
15800 0.101606
15900 0.0985097
16000 0.0971146
16100 0.0969743
16200 0.095028
16300 0.0930286
16400 0.0916411
16500 0.0938434
16600 0.0918824
16700 0.0912356
16800 0.0898472
16900 0.0882471
17000 0.0856248
17100 0.0857623
17200 0.0852234
17300 0.0842572
17400 0.0835712
17500 0.083128
17600 0.0831238
17700 0.0832304
17800 0.0815351
17900 0.0802768
18000 0.0802166
18100 0.0797489
18200 0.0794861
18300 0.0788392
18400 0.0778932
18500 0.0762829
18600 0.0757744
18700 0.0756956
18800 0.0759482
18900 0.0741491
19000 0.0746108
19100 0.0781817
19200 0.0795393
19300 0.0792494
19400 0.0794918
19500 0.0786552
19600 0.0783413
19700 0.0770861
19800 0.0784661
19900 0.079499
20000 0.0782738
20100 0.0803267
20200 0.0821725
20300 0.0811409
20400 0.0827862
20500 0.082833
20600 0.0831378
20700 0.0819081
20800 0.0803041
20900 0.0785353
21000 0.0797679
21100 0.0824507
21200 0.0816527
21300 0.0803239
21400 0.0791125
21500 0.0782176
21600 0.0793162
21700 0.0799555
21800 0.0807681
21900 0.082207
22000 0.0802163
22100 0.0792063
22200 0.0780363
22300 0.0789503
22400 0.0908185
22500 0.0890287
22600 0.0878449
22700 0.0866862
22800 0.0864135
22900 0.0860633
23000 0.0843469
23100 0.0827762
23200 0.0820955
23300 0.0819722
23400 0.0820578
23500 0.0817323
23600 0.0815877
23700 0.0813181
23800 0.0804562
23900 0.081208
24000 0.0848847
24100 0.0829107
24200 0.0828931
24300 0.0811303
24400 0.0818479
24500 0.0807712
24600 0.0809472
24700 0.0802916
24800 0.0807367
24900 0.0800961
25000 0.0882054
25100 0.0868822
25200 0.0844767
25300 0.0838947
25400 0.0877149
25500 0.0865223
25600 0.0851856
25700 0.0843492
25800 0.0833094
25900 0.0840273
26000 0.0821861
26100 0.0829764
26200 0.0821054
26300 0.0822251
26400 0.0813443
26500 0.0818725
26600 0.0812517
26700 0.0805681
26800 0.0811034
26900 0.0814569
27000 0.079993
27100 0.0787075
27200 0.0775179
27300 0.0768549
27400 0.0894872
27500 0.0883157
27600 0.0903318
27700 0.089701
27800 0.0884398
27900 0.0858306
28000 0.0856936
28100 0.0847385
28200 0.0843344
28300 0.0821603
28400 0.0828245
28500 0.0814175
28600 0.0794751
28700 0.0798056
28800 0.0801435
28900 0.0815043
29000 0.0810203
29100 0.0803559
29200 0.0815527
29300 0.0807269
29400 0.0791772
29500 0.0789242
29600 0.0782358
29700 0.0783218
29800 0.0779523
29900 0.0784357
30000 0.0776134
