100 72.8627
200 67.7746
300 63.9053
400 59.2959
500 54.967
600 50.7563
700 47.5917
800 44.4593
900 41.8119
1000 38.6939
1100 35.9053
1200 33.1706
1300 31.3093
1400 29.3483
1500 27.3992
1600 25.6455
1700 24.0812
1800 22.3863
1900 20.9572
2000 19.7424
2100 18.2855
2200 17.2851
2300 16.1664
2400 14.9348
2500 14.0836
2600 13.1734
2700 12.2741
2800 11.5434
2900 10.59
3000 9.76468
3100 9.16358
3200 8.57687
3300 8.05717
3400 7.60619
3500 7.06765
3600 6.67409
3700 6.27302
3800 5.9101
3900 5.54623
4000 5.13965
4100 4.82616
4200 4.53407
4300 4.26906
4400 4.02295
4500 3.7278
4600 3.44013
4700 3.22205
4800 3.04472
4900 2.88449
5000 2.68096
5100 2.53973
5200 2.40351
5300 2.25245
5400 2.11647
5500 2.00476
5600 1.88812
5700 1.77731
5800 1.65852
5900 1.54069
6000 1.43781
6100 1.34726
6200 1.27529
6300 1.1867
6400 1.10819
6500 1.03392
6600 0.960352
6700 0.899497
6800 0.834192
6900 0.775339
7000 0.727016
7100 0.681355
7200 0.647257
7300 0.608213
7400 0.562357
7500 0.529186
7600 0.496309
7700 0.467194
7800 0.437015
7900 0.409074
8000 0.384101
8100 0.358282
8200 0.33481
8300 0.317066
8400 0.299399
8500 0.279155
8600 0.261779
8700 0.244534
8800 0.228429
8900 0.214389
9000 0.202301
9100 0.190489
9200 0.178498
9300 0.16678
9400 0.157545
9500 0.148027
9600 0.141271
9700 0.133526
9800 0.126551
9900 0.118785
10000 0.111118
10100 0.106308
10200 0.101533
10300 0.0972593
10400 0.0916666
10500 0.0875085
10600 0.0821391
10700 0.0783863
10800 0.0750663
10900 0.0718539
11000 0.0686563
11100 0.0662287
11200 0.0632012
11300 0.0606986
11400 0.0595144
11500 0.0572416
11600 0.0563012
11700 0.0560016
11800 0.0549173
11900 0.0531382
12000 0.0524017
12100 0.0514289
12200 0.0500028
12300 0.0499199
12400 0.0494337
12500 0.0482118
12600 0.0477818
12700 0.0478301
12800 0.0466035
12900 0.0466722
13000 0.0450741
13100 0.0452468
13200 0.0454322
13300 0.0461293
13400 0.0459929
13500 0.0473182
13600 0.0463081
13700 0.0455551
13800 0.0446454
13900 0.0441925
14000 0.0439917
14100 0.0440193
14200 0.0443025
14300 0.0445015
14400 0.0440771
14500 0.0443614
14600 0.043618
14700 0.044548
14800 0.044312
14900 0.0442174
15000 0.0433066
15100 0.0431411
15200 0.0438963
15300 0.0431413
15400 0.0427511
15500 0.0436693
15600 0.0437028
15700 0.0443285
15800 0.0451354
15900 0.0452527
16000 0.0450214
16100 0.0448958
16200 0.0455696
16300 0.0451857
16400 0.0449704
16500 0.0450387
16600 0.044618
16700 0.0441949
16800 0.0439195
16900 0.0439166
17000 0.0438767
17100 0.0440163
17200 0.0437942
17300 0.0432717
17400 0.0428501
17500 0.0428138
17600 0.0420992
17700 0.0419808
17800 0.0424004
17900 0.0419643
18000 0.0422186
18100 0.042697
18200 0.0440299
18300 0.0449217
18400 0.0451142
18500 0.0443772
18600 0.0450125
18700 0.0453398
18800 0.0456505
18900 0.0448462
19000 0.0441005
19100 0.0457977
19200 0.0455982
19300 0.0443644
19400 0.0433544
19500 0.0438947
19600 0.0438603
19700 0.0439457
19800 0.0451225
19900 0.0457054
20000 0.0447749
20100 0.045212
20200 0.0463666
20300 0.0459001
20400 0.0468531
20500 0.046263
20600 0.0465147
20700 0.0470055
20800 0.0462081
20900 0.0453366
21000 0.047155
21100 0.0479889
21200 0.0469229
21300 0.046835
21400 0.0471789
21500 0.0465903
21600 0.0469175
21700 0.0464252
21800 0.0458536
21900 0.0466844
22000 0.0453035
22100 0.0451459
22200 0.0448771
22300 0.0446723
22400 0.0503745
22500 0.0491589
22600 0.0479885
22700 0.0473203
22800 0.0473383
22900 0.0474196
23000 0.045946
23100 0.0452184
23200 0.0450362
23300 0.0456233
23400 0.0454634
23500 0.0456984
23600 0.0450446
23700 0.0462615
23800 0.0451342
23900 0.0453893
24000 0.0470763
24100 0.045922
24200 0.0461704
24300 0.0454119
24400 0.0453251
24500 0.0446706
24600 0.0449048
24700 0.0453822
24800 0.0447708
24900 0.0446574
25000 0.0484116
25100 0.0472037
25200 0.0462207
25300 0.0454086
25400 0.0468304
25500 0.0467606
25600 0.0469734
25700 0.0468173
25800 0.0468215
25900 0.0470402
26000 0.0459817
26100 0.0462474
26200 0.0458641
26300 0.045918
26400 0.0450686
26500 0.0471983
26600 0.0471491
26700 0.0461184
26800 0.0466855
26900 0.0466536
27000 0.0458302
27100 0.0452457
27200 0.045016
27300 0.0444122
27400 0.050118
27500 0.0505399
27600 0.050717
27700 0.0508891
27800 0.0492578
27900 0.0473129
28000 0.0475559
28100 0.0499685
28200 0.0500457
28300 0.0485231
28400 0.0487089
28500 0.0477539
28600 0.0468535
28700 0.0471854
28800 0.0473361
28900 0.0473945
29000 0.0465256
29100 0.0454867
29200 0.0463953
29300 0.0444717
29400 0.0435921
29500 0.0433558
29600 0.0426471
29700 0.0426251
29800 0.0422633
29900 0.042599
30000 0.0419883
