100 95.1248
200 78.5511
300 65.4933
400 53.6613
500 43.9475
600 36.4546
700 30.2773
800 24.8025
900 20.4279
1000 17.0632
1100 14.1808
1200 11.7116
1300 9.80841
1400 7.99147
1500 6.739
1600 5.49195
1700 4.47814
1800 3.70729
1900 3.11558
2000 2.67115
2100 2.24381
2200 1.87653
2300 1.5219
2400 1.26501
2500 1.05647
2600 0.887686
2700 0.744338
2800 0.616522
2900 0.523734
3000 0.448362
3100 0.378283
3200 0.31247
3300 0.266215
3400 0.22146
3500 0.191952
3600 0.163677
3700 0.147964
3800 0.131556
3900 0.117243
4000 0.10745
4100 0.0985301
4200 0.0895
4300 0.0890456
4400 0.0836078
4500 0.0825228
4600 0.0793766
4700 0.0801754
4800 0.0771548
4900 0.0770472
5000 0.0762749
5100 0.0759898
5200 0.0809154
5300 0.0803655
5400 0.0786027
5500 0.0808011
5600 0.0805388
5700 0.0787928
5800 0.0791746
5900 0.0784493
6000 0.0757788
6100 0.0736556
6200 0.0753994
6300 0.0815377
6400 0.0813198
6500 0.0822537
6600 0.0832105
6700 0.0820762
6800 0.0819227
6900 0.0774596
7000 0.0788293
7100 0.0808911
7200 0.0809638
7300 0.0787946
7400 0.0783998
7500 0.0771231
7600 0.0775994
7700 0.0773242
7800 0.0795445
7900 0.0771898
8000 0.0806417
8100 0.0819889
8200 0.0844103
8300 0.0810704
8400 0.0810114
8500 0.0793655
8600 0.0817477
8700 0.0789954
8800 0.0782281
8900 0.0769091
9000 0.0747157
9100 0.0767245
9200 0.0783535
9300 0.0801713
9400 0.0798727
9500 0.07904
9600 0.07785
9700 0.0911919
9800 0.0885447
9900 0.0848361
10000 0.0830768
10100 0.0821016
10200 0.0802195
10300 0.0806491
10400 0.0793693
10500 0.078008
10600 0.0768559
10700 0.0757143
10800 0.0801535
10900 0.0784716
11000 0.0752779
11100 0.0767744
11200 0.0747341
11300 0.0764549
11400 0.0764168
11500 0.0767489
11600 0.0783078
11700 0.0773217
11800 0.0786888
11900 0.0794664
12000 0.0813438
12100 0.0778986
12200 0.0743128
12300 0.0769568
12400 0.076068
12500 0.0766071
12600 0.0772422
12700 0.0774255
12800 0.0756149
12900 0.0776975
13000 0.0760686
13100 0.0748149
13200 0.0799558
13300 0.0798079
13400 0.0773883
13500 0.0819156
13600 0.0777372
13700 0.0750434
13800 0.0729359
13900 0.0712709
14000 0.0729487
14100 0.0742745
14200 0.0779296
14300 0.0768196
14400 0.0734634
14500 0.0758685
14600 0.0752441
14700 0.0760089
14800 0.0767214
14900 0.0808015
15000 0.0780971
15100 0.0796281
15200 0.0836699
15300 0.0929238
15400 0.0868581
15500 0.0859564
15600 0.0843426
15700 0.0810393
15800 0.0801232
15900 0.0798063
16000 0.080456
16100 0.0856203
16200 0.0842744
16300 0.0803555
16400 0.0871283
16500 0.0878067
16600 0.0855856
16700 0.0848692
16800 0.0823053
16900 0.0797295
17000 0.0797408
17100 0.0779311
17200 0.0781164
17300 0.0772184
17400 0.0758702
17500 0.0762508
17600 0.0789351
17700 0.0795401
17800 0.0789183
17900 0.0778127
18000 0.0769301
18100 0.0783613
18200 0.0787991
18300 0.0797028
18400 0.0777187
18500 0.0753178
18600 0.0775587
18700 0.078549
18800 0.0773383
18900 0.0763171
19000 0.0774814
19100 0.0784935
19200 0.0774982
19300 0.075497
19400 0.0792475
19500 0.0784147
19600 0.0778156
19700 0.0782232
19800 0.0798092
19900 0.0825872
20000 0.0806243
20100 0.0812271
20200 0.0819311
20300 0.0784076
20400 0.0804205
20500 0.0868785
20600 0.0814823
20700 0.0808368
20800 0.0800654
20900 0.0816202
21000 0.0849982
21100 0.0849216
21200 0.0800657
21300 0.0791764
21400 0.0834334
21500 0.0793347
21600 0.0809413
21700 0.0814041
21800 0.0820212
21900 0.0826178
22000 0.0800504
22100 0.0770602
22200 0.0777232
22300 0.0769449
22400 0.0869347
22500 0.0845692
22600 0.0822219
22700 0.0816639
22800 0.0797592
22900 0.0820797
23000 0.0801896
23100 0.0777793
23200 0.076595
23300 0.0775525
23400 0.0790139
23500 0.0799688
23600 0.076692
23700 0.0763791
23800 0.0744972
23900 0.0768244
24000 0.0811394
24100 0.0771894
24200 0.077667
24300 0.075915
24400 0.0771259
24500 0.0760889
24600 0.0787033
24700 0.0796684
24800 0.0773332
24900 0.0769381
25000 0.084551
25100 0.0798491
25200 0.0744782
25300 0.0773601
25400 0.082362
25500 0.0824321
25600 0.0807638
25700 0.0787994
25800 0.0773556
25900 0.078316
26000 0.0773691
26100 0.0766524
26200 0.075468
26300 0.076319
26400 0.0775303
26500 0.0818
26600 0.0810742
26700 0.0788788
26800 0.0799987
26900 0.0778037
27000 0.0744323
27100 0.0745952
27200 0.076539
27300 0.0782127
27400 0.0901483
27500 0.0875701
27600 0.0852974
27700 0.0855615
27800 0.0833151
27900 0.0824508
28000 0.0825161
28100 0.0838926
28200 0.0808912
28300 0.0769395
28400 0.0773728
28500 0.0750171
28600 0.0758708
28700 0.0762198
28800 0.0800361
28900 0.0788908
29000 0.0785132
29100 0.0757152
29200 0.0766392
29300 0.0743308
29400 0.072357
29500 0.0719081
29600 0.0727556
29700 0.0729044
29800 0.0727763
29900 0.0744282
30000 0.0728516
