100 190438
200 176403
300 161347
400 147229
500 136094
600 125712
700 115346
800 107088
900 97816.6
1000 89740.9
1100 83945.7
1200 75951.9
1300 70190.5
1400 64916.6
1500 60061.4
1600 55227.8
1700 50866.9
1800 47413.2
1900 43692.8
2000 41466.8
2100 37027.9
2200 33976.8
2300 31631.4
2400 28414.3
2500 26673.2
2600 24516.9
2700 23002.9
2800 21395.3
2900 19804.9
3000 18164.1
3100 16978.1
3200 15596
3300 14558.3
3400 13366.6
3500 12554.1
3600 11584
3700 10789.3
3800 10063.8
3900 9069.61
4000 8412.2
4100 7826.41
4200 7315.81
4300 6760.33
4400 6227.2
4500 5760.69
4600 5351.17
4700 4953.15
4800 4569.43
4900 4287.57
5000 3924.66
5100 3662.62
5200 3396.69
5300 3115.27
5400 2895.18
5500 2737.19
5600 2539.29
5700 2347.6
5800 2182.17
5900 2015.78
6000 1915.08
6100 1770.8
6200 1671.89
6300 1527.82
6400 1419.44
6500 1330.16
6600 1231.46
6700 1155.15
6800 1073.03
6900 1006.14
7000 941.32
7100 876.083
7200 821.838
7300 765.682
7400 718.707
7500 678.756
7600 640.158
7700 603.894
7800 576.247
7900 548.679
8000 531.143
8100 501.308
8200 477.407
8300 459.198
8400 439.338
8500 420.819
8600 406.355
8700 395.663
8800 380.086
8900 371.272
9000 363.275
9100 358.959
9200 355.53
9300 344.942
9400 339.895
9500 330.1
9600 330.032
9700 328.052
9800 323.182
9900 319.571
10000 316.347
10100 314.569
10200 311.005
10300 308.424
10400 306.683
10500 304.858
10600 304.105
10700 302.98
10800 304.56
10900 305.142
11000 302.366
11100 300.129
11200 299.404
11300 299.654
11400 306.519
11500 302.711
11600 304.542
11700 307.829
11800 299.315
11900 302.518
12000 298.749
12100 316.614
12200 299.691
12300 304.731
12400 306.5
12500 298.983
12600 298.102
12700 298.674
12800 297.103
12900 304.166
13000 297.442
13100 298.133
13200 298.39
13300 298.862
13400 304.395
13500 299.473
13600 299.832
13700 299.121
13800 299.363
13900 297.698
14000 297.399
14100 297.556
14200 297.888
14300 297.954
14400 307.783
14500 297.492
14600 296.822
14700 298.118
14800 299.337
14900 301.017
15000 304.241
15100 300.592
15200 302.005
15300 309.273
15400 299.914
15500 309.23
15600 310.534
15700 298.906
15800 299.774
15900 298.413
16000 299.377
16100 308.64
16200 311.87
16300 298.873
16400 302.618
16500 301.5
16600 303.496
16700 301.865
16800 302.627
16900 316.998
17000 299.078
17100 299.856
17200 300.762
17300 303.093
17400 297.112
17500 298.633
17600 297.254
17700 298.086
17800 297.178
17900 305.516
18000 310.164
18100 298.377
18200 297.486
18300 297.824
18400 297.627
18500 297.138
18600 305.878
18700 298.729
18800 302.633
18900 298.527
19000 298.44
19100 297.65
19200 298.465
19300 297.375
19400 312.903
19500 304.89
19600 299.713
19700 299.067
19800 299.042
19900 304.296
20000 297.852
20100 305.815
20200 300.977
20300 299.905
20400 306.252
20500 300.615
20600 300.61
20700 301.227
20800 303.695
20900 299.744
21000 300.487
21100 303.612
21200 302.99
21300 299.968
21400 301.333
21500 303.043
21600 299.875
21700 300.526
21800 300.151
21900 300.331
22000 299.311
22100 298.961
22200 298.827
22300 297.482
22400 301.359
22500 299.705
22600 299.475
22700 299.066
22800 303.296
22900 300.805
23000 299.728
23100 300.524
23200 298.168
23300 298.947
23400 301.203
23500 301.291
23600 299.456
23700 305.228
23800 299.471
23900 301.789
24000 299.978
24100 298.977
24200 298.563
24300 297.757
24400 302.037
24500 297.578
24600 299.728
24700 297.949
24800 298.76
24900 297.387
25000 308.592
25100 299.582
25200 304.471
25300 300.523
25400 299.144
25500 299.798
25600 299.77
25700 298.847
25800 303.911
25900 298.984
26000 301.508
26100 307.768
26200 298.527
26300 299.557
26400 298.358
26500 300.729
26600 300.785
26700 297.941
26800 298.293
26900 301.306
27000 297.661
27100 298.387
27200 299.674
27300 299.252
27400 301.36
27500 301.658
27600 301.965
27700 303.756
27800 304.154
27900 302.231
28000 308.137
28100 302.537
28200 303.698
28300 306.665
28400 301.051
28500 302.454
28600 299.698
28700 301.008
28800 337.031
28900 300.256
29000 299.191
29100 300.165
29200 299.349
29300 300.72
29400 297.462
29500 298.115
29600 303.127
29700 299.178
29800 296.628
29900 299.792
30000 299.07
