100 355181
200 340513
300 321262
400 311857
500 292198
600 277487
700 272409
800 252846
900 241882
1000 231891
1100 222328
1200 208248
1300 198002
1400 191109
1500 183223
1600 175508
1700 164424
1800 157027
1900 149538
2000 145936
2100 138046
2200 134737
2300 126295
2400 127008
2500 118494
2600 109841
2700 103529
2800 97656
2900 94213.4
3000 90898.6
3100 83013.3
3200 80265.1
3300 76659.1
3400 72616.8
3500 69000.6
3600 65560.4
3700 62879.5
3800 59610
3900 57080.9
4000 54465.6
4100 51886.3
4200 49649.2
4300 48941
4400 44943.8
4500 43190.9
4600 40884.9
4700 39054.9
4800 38375.9
4900 35687.6
5000 34127.2
5100 32960.3
5200 33938.2
5300 29755.6
5400 29950.2
5500 27477.2
5600 26597.2
5700 25584.2
5800 25319.6
5900 23732.5
6000 22645.3
6100 21973.1
6200 20628.4
6300 19857
6400 19101.3
6500 18138.6
6600 17871.6
6700 18556.6
6800 15723.5
6900 14974.5
7000 14332.1
7100 13494.1
7200 13969.1
7300 12248.6
7400 11682.3
7500 11922.8
7600 10882.2
7700 10266.2
7800 9792.08
7900 9386.08
8000 8960.38
8100 8446.02
8200 8303.2
8300 7768.38
8400 7442.61
8500 6961.27
8600 6612.42
8700 6335.18
8800 6098.93
8900 5760.7
9000 5412.35
9100 5433.33
9200 4966.84
9300 4740.6
9400 4491.62
9500 4431.5
9600 4121.89
9700 3858.85
9800 3669.94
9900 3546.53
10000 3384.14
10100 3243.51
10200 3112.65
10300 3043.56
10400 2875.74
10500 2760.02
10600 2692.12
10700 2517.38
10800 2382.73
10900 2244.45
11000 2155.57
11100 2276.12
11200 1970.25
11300 1916.59
11400 1814.81
11500 1735.37
11600 1690.47
11700 1605.3
11800 1505.61
11900 1487.08
12000 1385.14
12100 1324.81
12200 1302.93
12300 1265.98
12400 1164.51
12500 1119.41
12600 1082.58
12700 1038.86
12800 1008.8
12900 957.028
13000 898.446
13100 878.63
13200 850.494
13300 806.832
13400 766.311
13500 739.083
13600 717.732
13700 700.391
13800 681.412
13900 655.352
14000 637.124
14100 646.901
14200 602.827
14300 609.396
14400 579.538
14500 589.141
14600 565.959
14700 543.675
14800 532.676
14900 524.664
15000 517.581
15100 490.392
15200 486.106
15300 483.368
15400 471.689
15500 463.369
15600 460.238
15700 452.301
15800 443.72
15900 440.379
16000 453.252
16100 432.14
16200 426.034
16300 420.356
16400 446.399
16500 422.208
16600 418.309
16700 417.563
16800 420.574
16900 408.24
17000 405.636
17100 407.618
17200 401.779
17300 416.025
17400 399.546
17500 417.967
17600 415.791
17700 396.634
17800 393.357
17900 391.119
18000 390.328
18100 392.378
18200 394.189
18300 388.921
18400 394.509
18500 383.956
18600 382.181
18700 380.776
18800 389.779
18900 377.122
19000 388.761
19100 387.389
19200 404.348
19300 392.699
19400 404.305
19500 403.039
19600 395.116
19700 386.801
19800 386.512
19900 388.455
20000 385.935
20100 451.953
20200 416.865
20300 392.679
20400 473.711
20500 403.007
20600 398.391
20700 396.404
20800 391.525
20900 387.685
21000 424.815
21100 396.979
21200 399.654
21300 431.167
21400 388.261
21500 391.446
21600 388.7
21700 429.731
21800 399.654
21900 407.292
22000 406.207
22100 389.039
22200 388.394
22300 390.229
22400 434.134
22500 431.336
22600 413.619
22700 424.411
22800 405.657
22900 410.195
23000 401.518
23100 413.292
23200 394.851
23300 398.247
23400 403.504
23500 422.364
23600 393.635
23700 402.232
23800 395.605
23900 411.825
24000 423.957
24100 399.105
24200 411.795
24300 391.38
24400 393.49
24500 391.014
24600 411.374
24700 393.57
24800 404.445
24900 411.794
25000 410.781
25100 413.253
25200 407.632
25300 398.673
25400 412.776
25500 412.484
25600 402.036
25700 411.146
25800 398.517
25900 419.048
26000 403.344
26100 441.948
26200 394.415
26300 412.074
26400 422.425
26500 405.96
26600 402.264
26700 391.353
26800 423.014
26900 392.756
27000 390.052
27100 386.299
27200 384.02
27300 382.633
27400 430.595
27500 412.841
27600 419.799
27700 433.155
27800 430.313
27900 405.98
28000 424.774
28100 405.879
28200 400.215
28300 410.053
28400 423.177
28500 393.407
28600 395.462
28700 388.085
28800 401.003
28900 395.559
29000 399.083
29100 397.098
29200 395.699
29300 390.873
29400 396.629
29500 437.26
29600 400.991
29700 384.803
29800 412.741
29900 397.144
30000 385.23
