100 35.0081
200 31.9839
300 29.2086
400 26.6628
500 24.3995
600 22.4012
700 20.4961
800 18.8205
900 17.1901
1000 15.7866
1100 14.4664
1200 13.2228
1300 12.1435
1400 11.106
1500 10.1948
1600 9.3367
1700 8.54532
1800 7.84896
1900 7.19441
2000 6.59251
2100 6.06686
2200 5.57937
2300 5.10688
2400 4.69315
2500 4.31229
2600 3.96837
2700 3.66842
2800 3.383
2900 3.08896
3000 2.84403
3100 2.61922
3200 2.411
3300 2.22842
3400 2.06267
3500 1.89772
3600 1.74937
3700 1.61642
3800 1.49085
3900 1.37111
4000 1.26464
4100 1.16833
4200 1.08087
4300 0.995201
4400 0.919058
4500 0.850339
4600 0.786306
4700 0.725363
4800 0.670379
4900 0.619468
5000 0.57024
5100 0.525717
5200 0.484471
5300 0.447593
5400 0.41398
5500 0.382936
5600 0.35575
5700 0.329004
5800 0.303682
5900 0.281423
6000 0.26105
6100 0.242087
6200 0.224005
6300 0.208175
6400 0.192041
6500 0.177544
6600 0.164164
6700 0.152433
6800 0.141882
6900 0.131213
7000 0.121324
7100 0.112881
7200 0.104679
7300 0.0969354
7400 0.089688
7500 0.0829121
7600 0.0767624
7700 0.0710735
7800 0.0658056
7900 0.0612033
8000 0.0568009
8100 0.0528565
8200 0.0490911
8300 0.0460792
8400 0.0431309
8500 0.0398661
8600 0.037405
8700 0.0352851
8800 0.0329617
8900 0.0310432
9000 0.0289483
9100 0.0271237
9200 0.0256928
9300 0.024234
9400 0.0228883
9500 0.0213879
9600 0.0204071
9700 0.019918
9800 0.0189577
9900 0.0182523
10000 0.0173813
10100 0.0167238
10200 0.0160969
10300 0.0154157
10400 0.0149136
10500 0.0145692
10600 0.0143231
10700 0.0139753
10800 0.0137779
10900 0.0136953
11000 0.0133949
11100 0.0132933
11200 0.0132637
11300 0.0132304
11400 0.0132145
11500 0.0131308
11600 0.012758
11700 0.0126911
11800 0.0125421
11900 0.0122589
12000 0.0122714
12100 0.0120642
12200 0.0120935
12300 0.0124038
12400 0.0122673
12500 0.0122756
12600 0.0122359
12700 0.0120679
12800 0.0121436
12900 0.0123297
13000 0.0125696
13100 0.0124182
13200 0.0124769
13300 0.0122887
13400 0.0124737
13500 0.0125688
13600 0.0128978
13700 0.0127307
13800 0.012684
13900 0.0126372
14000 0.0125808
14100 0.0123818
14200 0.0123108
14300 0.0123787
14400 0.0123301
14500 0.0123833
14600 0.0122527
14700 0.012367
14800 0.0123169
14900 0.0124788
15000 0.0122403
15100 0.0119964
15200 0.0121583
15300 0.0125168
15400 0.0124985
15500 0.0125334
15600 0.0124579
15700 0.0124413
15800 0.0126473
15900 0.0129116
16000 0.0128415
16100 0.0130555
16200 0.0127573
16300 0.0127363
16400 0.0129546
16500 0.0127167
16600 0.0125015
16700 0.0121672
16800 0.0117995
16900 0.0119434
17000 0.0121538
17100 0.0119231
17200 0.0121559
17300 0.012225
17400 0.0121821
17500 0.0120005
17600 0.0121504
17700 0.0120303
17800 0.0117551
17900 0.0119069
18000 0.0122495
18100 0.0124398
18200 0.0126598
18300 0.0132875
18400 0.0132052
18500 0.0131194
18600 0.0129279
18700 0.0125899
18800 0.0125346
18900 0.0121388
19000 0.0124606
19100 0.0122957
19200 0.0121566
19300 0.0125254
19400 0.0126344
19500 0.0125649
19600 0.012633
19700 0.0123082
19800 0.0125254
19900 0.0124173
20000 0.0124809
20100 0.0126467
20200 0.0125348
20300 0.0124662
20400 0.0124485
20500 0.0125704
20600 0.0128707
20700 0.0128423
20800 0.0128466
20900 0.0126042
21000 0.0127365
21100 0.0126577
21200 0.012525
21300 0.0126384
21400 0.0124639
21500 0.0125677
21600 0.012616
21700 0.0124498
21800 0.0127161
21900 0.012337
22000 0.0124147
22100 0.0123367
22200 0.0121626
22300 0.0119435
22400 0.0123141
22500 0.0121441
22600 0.0123447
22700 0.0121757
22800 0.0120972
22900 0.01217
23000 0.0119487
23100 0.012064
23200 0.0119863
23300 0.012079
23400 0.0122055
23500 0.0121883
23600 0.0120212
23700 0.0120363
23800 0.0119229
23900 0.0122816
24000 0.0123173
24100 0.0124279
24200 0.0126986
24300 0.0126871
24400 0.0125728
24500 0.0129138
24600 0.0127298
24700 0.0122461
24800 0.012401
24900 0.0122565
25000 0.0127542
25100 0.0125915
25200 0.012496
25300 0.0122852
25400 0.0121297
25500 0.0121063
25600 0.0121632
25700 0.0120991
25800 0.0123002
25900 0.0121389
26000 0.012055
26100 0.0119313
26200 0.0120448
26300 0.012106
26400 0.0119812
26500 0.0119265
26600 0.0120941
26700 0.0120627
26800 0.0121756
26900 0.0123486
27000 0.0124405
27100 0.0124444
27200 0.0124637
27300 0.0122939
27400 0.0124371
27500 0.0124643
27600 0.0125278
27700 0.0126862
27800 0.0127606
27900 0.0127655
28000 0.0127215
28100 0.0132752
28200 0.0132733
28300 0.0130245
28400 0.0128179
28500 0.0127748
28600 0.0125831
28700 0.0122588
28800 0.0123476
28900 0.0123565
29000 0.0122124
29100 0.0123534
29200 0.0123524
29300 0.0122157
29400 0.011974
29500 0.0118565
29600 0.0120869
29700 0.0123438
29800 0.0122846
29900 0.0124659
30000 0.0124355
