100 105802
200 96083.5
300 87519.6
400 79618
500 72675.1
600 66154.7
700 60275.3
800 55006.9
900 50272.3
1000 45880.8
1100 42003.4
1200 38426.6
1300 35233.4
1400 32162.9
1500 29380.3
1600 26860
1700 24518.8
1800 22446.8
1900 20546.6
2000 18796.9
2100 17204.4
2200 15789.4
2300 14444.8
2400 13263.4
2500 12166.4
2600 11192.2
2700 10319.5
2800 9512.37
2900 8703.26
3000 7988.3
3100 7348.37
3200 6736.19
3300 6199.11
3400 5712.33
3500 5248.85
3600 4836.33
3700 4456.85
3800 4116.97
3900 3788.33
4000 3495.22
4100 3219.52
4200 2969.75
4300 2733.72
4400 2517.14
4500 2322.79
4600 2143.42
4700 1980.87
4800 1829.88
4900 1694.56
5000 1564.43
5100 1449.73
5200 1343.1
5300 1242.1
5400 1150.38
5500 1067.83
5600 995.744
5700 927.691
5800 864.973
5900 806.938
6000 753.252
6100 704.584
6200 660.896
6300 621.47
6400 583.808
6500 550.07
6600 519.379
6700 493.251
6800 469.213
6900 446.811
7000 427.363
7100 410.818
7200 394.49
7300 380.474
7400 367.763
7500 356.93
7600 347.85
7700 339.301
7800 331.277
7900 324.13
8000 318.272
8100 313.158
8200 309.351
8300 305.846
8400 302.797
8500 299.906
8600 297.551
8700 295.407
8800 293.597
8900 292.007
9000 290.691
9100 289.695
9200 288.541
9300 287.722
9400 287.037
9500 286.305
9600 285.722
9700 285.397
9800 284.89
9900 284.763
10000 284.112
10100 283.913
10200 283.635
10300 283.659
10400 283.189
10500 283.144
10600 283.586
10700 282.833
10800 282.888
10900 283.004
11000 282.65
11100 282.786
11200 282.711
11300 282.532
11400 282.415
11500 282.462
11600 282.498
11700 282.872
11800 282.536
11900 282.346
12000 282.362
12100 282.906
12200 282.337
12300 282.626
12400 282.361
12500 282.334
12600 282.378
12700 282.702
12800 282.599
12900 282.395
13000 282.28
13100 282.35
13200 282.254
13300 282.414
13400 282.397
13500 282.374
13600 283.096
13700 282.369
13800 282.892
13900 282.391
14000 283.403
14100 282.653
14200 282.314
14300 282.357
14400 282.956
14500 282.414
14600 282.289
14700 282.378
14800 282.676
14900 283.489
15000 282.249
15100 282.628
15200 282.606
15300 282.351
15400 282.428
15500 282.477
15600 282.815
15700 282.386
15800 282.448
15900 282.261
16000 283.422
16100 283.332
16200 284.187
16300 282.246
16400 282.532
16500 282.253
16600 282.296
16700 282.411
16800 282.293
16900 282.346
17000 282.591
17100 282.629
17200 283.259
17300 282.614
17400 282.629
17500 282.881
17600 282.247
17700 283.155
17800 282.541
17900 282.561
18000 282.726
18100 282.389
18200 282.348
18300 282.364
18400 282.406
18500 282.455
18600 282.34
18700 282.413
18800 282.231
18900 282.224
19000 282.354
19100 282.167
19200 282.235
19300 282.29
19400 282.307
19500 282.366
19600 282.696
19700 282.24
19800 282.357
19900 282.369
20000 282.275
20100 282.715
20200 282.299
20300 282.228
20400 282.259
20500 282.387
20600 282.326
20700 282.607
20800 282.565
20900 282.316
21000 282.336
21100 282.617
21200 282.457
21300 282.377
21400 282.648
21500 282.388
21600 282.363
21700 282.486
21800 282.365
21900 282.302
22000 282.575
22100 282.484
22200 282.606
22300 282.453
22400 282.807
22500 282.8
22600 282.367
22700 282.355
22800 283.443
22900 282.573
23000 282.367
23100 283.152
23200 282.459
23300 282.364
23400 282.337
23500 282.562
23600 282.292
23700 282.289
23800 282.244
23900 284.152
24000 282.276
24100 282.331
24200 282.418
24300 284.14
24400 282.363
24500 282.396
24600 282.549
24700 282.596
24800 283.214
24900 282.812
25000 283.834
25100 282.454
25200 283.146
25300 282.367
25400 282.348
25500 283.569
25600 282.445
25700 282.832
25800 282.327
25900 282.306
26000 282.528
26100 282.719
26200 282.557
26300 282.325
26400 282.568
26500 282.245
26600 282.224
26700 282.243
26800 282.438
26900 282.328
27000 282.295
27100 282.544
27200 282.259
27300 282.256
27400 282.249
27500 282.187
27600 282.659
27700 282.461
27800 282.281
27900 282.335
28000 282.22
28100 282.307
28200 282.4
28300 282.502
28400 282.249
28500 282.795
28600 282.431
28700 282.387
28800 282.251
28900 282.203
29000 282.186
29100 282.281
29200 282.207
29300 282.859
29400 282.434
29500 282.397
29600 282.603
29700 283.132
29800 282.188
29900 282.93
30000 282.338
