100 52.2471
200 21.2315
300 9.07541
400 3.60056
500 1.57025
600 0.697032
700 0.283484
800 0.130886
900 0.0932831
1000 0.0745975
1100 0.0711939
1200 0.0751375
1300 0.069209
1400 0.0699405
1500 0.0711358
1600 0.0842004
1700 0.0733684
1800 0.0821147
1900 0.075934
2000 0.0756922
2100 0.0724438
2200 0.072687
2300 0.076402
2400 0.0707163
2500 0.0763572
2600 0.071866
2700 0.085624
2800 0.075951
2900 0.074277
3000 0.0722879
3100 0.0722646
3200 0.0706905
3300 0.0729554
3400 0.0711357
3500 0.0739191
3600 0.0726275
3700 0.0714301
3800 0.0752932
3900 0.0746541
4000 0.0756338
4100 0.0737844
4200 0.0731149
4300 0.0731731
4400 0.0762216
4500 0.0723561
4600 0.07444
4700 0.0681783
4800 0.0703366
4900 0.0755999
5000 0.0738779
5100 0.0722484
5200 0.076278
5300 0.0758944
5400 0.0700072
5500 0.0740656
5600 0.076156
5700 0.0753438
5800 0.0740298
5900 0.0773313
6000 0.0731996
6100 0.0706696
6200 0.0698992
6300 0.0765375
6400 0.0695393
6500 0.0751549
6600 0.0767296
6700 0.0719411
6800 0.0735506
6900 0.0676175
7000 0.0720461
7100 0.0730454
7200 0.0774322
7300 0.0700031
7400 0.0722022
7500 0.0741004
7600 0.0733704
7700 0.0737526
7800 0.0723468
7900 0.0835295
8000 0.0723181
8100 0.0736172
8200 0.078174
8300 0.0705535
8400 0.0757557
8500 0.0719123
8600 0.0762758
8700 0.0730618
8800 0.0714432
8900 0.0801856
9000 0.0744548
9100 0.0809425
9200 0.0722054
9300 0.0707982
9400 0.0761807
9500 0.0671433
9600 0.0705482
9700 0.0808914
9800 0.0741177
9900 0.075868
10000 0.0750557
10100 0.0748999
10200 0.0745497
10300 0.0718494
10400 0.0728527
10500 0.0776637
10600 0.074251
10700 0.0731729
10800 0.0734738
10900 0.0718568
11000 0.0677212
11100 0.0754687
11200 0.0733957
11300 0.0782334
11400 0.075105
11500 0.074718
11600 0.0729157
11700 0.0709067
11800 0.0747262
11900 0.0740876
12000 0.0753692
12100 0.0754091
12200 0.0809301
12300 0.0797718
12400 0.0758686
12500 0.0766307
12600 0.0721399
12700 0.0741509
12800 0.0769519
12900 0.0895931
13000 0.0769651
13100 0.0725134
13200 0.075866
13300 0.071481
13400 0.0717347
13500 0.0844081
13600 0.0755618
13700 0.069498
13800 0.0726305
13900 0.0694233
14000 0.0711906
14100 0.0713868
14200 0.0716667
14300 0.0745064
14400 0.0703356
14500 0.0727191
14600 0.0677915
14700 0.074137
14800 0.0715432
14900 0.0743306
15000 0.0776741
15100 0.0695157
15200 0.0779315
15300 0.0836649
15400 0.0766086
15500 0.0742885
15600 0.0745183
15700 0.0832075
15800 0.0829208
15900 0.0736044
16000 0.0790355
16100 0.0776492
16200 0.0793812
16300 0.0707157
16400 0.0820737
16500 0.0723657
16600 0.0724231
16700 0.0715125
16800 0.0702537
16900 0.074687
17000 0.0830563
17100 0.0727688
17200 0.067809
17300 0.0721425
17400 0.0736818
17500 0.0752278
17600 0.0750246
17700 0.0709566
17800 0.0737341
17900 0.075628
18000 0.0779089
18100 0.0828514
18200 0.0763183
18300 0.0959609
18400 0.0754215
18500 0.0737669
18600 0.0733336
18700 0.0726792
18800 0.0714902
18900 0.0680231
19000 0.0708574
19100 0.0766308
19200 0.0704166
19300 0.0832529
19400 0.0774264
19500 0.0751613
19600 0.07438
19700 0.0681829
19800 0.0772504
19900 0.0775108
20000 0.0704282
20100 0.0773371
20200 0.0764495
20300 0.0736232
20400 0.0743698
20500 0.0746074
20600 0.0811382
20700 0.076253
20800 0.0753726
20900 0.0755832
21000 0.0725928
21100 0.0708129
21200 0.0714374
21300 0.0726953
21400 0.0683423
21500 0.0744042
21600 0.0783803
21700 0.0731999
21800 0.0765333
21900 0.0710065
22000 0.0731613
22100 0.0681533
22200 0.085555
22300 0.0771853
22400 0.0775509
22500 0.0768985
22600 0.0751049
22700 0.0670529
22800 0.0737369
22900 0.0738933
23000 0.07219
23100 0.0779379
23200 0.0753398
23300 0.0770359
23400 0.0739258
23500 0.0752681
23600 0.071486
23700 0.0717782
23800 0.0705447
23900 0.0734639
24000 0.0783376
24100 0.0769178
24200 0.0772567
24300 0.070615
24400 0.0700166
24500 0.0733807
24600 0.0727362
24700 0.0704035
24800 0.072372
24900 0.0794393
25000 0.0849021
25100 0.0749168
25200 0.0688333
25300 0.0714508
25400 0.0752645
25500 0.0769249
25600 0.076317
25700 0.0707396
25800 0.075524
25900 0.072818
26000 0.0731729
26100 0.0702462
26200 0.071145
26300 0.0733192
26400 0.0725977
26500 0.0748239
26600 0.0741415
26700 0.0731295
26800 0.0703215
26900 0.073916
27000 0.0739684
27100 0.0740002
27200 0.0739305
27300 0.0705544
27400 0.0816338
27500 0.0738809
27600 0.0786955
27700 0.0743739
27800 0.0758868
27900 0.0739323
28000 0.0779707
28100 0.0861597
28200 0.0771475
28300 0.0716331
28400 0.0783128
28500 0.0684631
28600 0.0748249
28700 0.074065
28800 0.0844318
28900 0.0721756
29000 0.0724842
29100 0.0742148
29200 0.0716569
29300 0.0689645
29400 0.0735899
29500 0.0711473
29600 0.0712368
29700 0.0825762
29800 0.0730778
29900 0.0771942
30000 0.0725877
