100 247429
200 230086
300 216842
400 203789
500 185600
600 171538
700 162110
800 149903
900 140627
1000 130783
1100 122638
1200 110972
1300 105113
1400 98568
1500 92484.7
1600 86200.9
1700 80279
1800 74455
1900 69447.1
2000 66053.5
2100 60701.3
2200 57551
2300 54284.6
2400 49662.2
2500 46711.2
2600 43727.3
2700 40607
2800 38062.3
2900 35577.1
3000 32163.8
3100 30859.5
3200 28228.6
3300 26550.1
3400 24991.6
3500 23492.6
3600 22122.9
3700 21418.8
3800 19399.4
3900 18575.8
4000 17141.4
4100 15856.7
4200 14858.3
4300 13984.3
4400 13314.4
4500 12259.9
4600 11246.5
4700 10519.7
4800 10051.9
4900 9416.61
5000 8945.05
5100 8292.92
5200 7845.6
5300 7385.02
5400 6914.71
5500 6562.87
5600 6165.33
5700 5815.92
5800 5420.58
5900 5239.36
6000 4699.4
6100 4429.98
6200 4202.4
6300 3907.41
6400 3647.58
6500 3428.13
6600 3185.18
6700 2948.68
6800 2739.6
6900 2545.38
7000 2386.93
7100 2243.24
7200 2130.49
7300 2010.06
7400 1862.01
7500 1753.53
7600 1647.54
7700 1552.12
7800 1457.23
7900 1373.4
8000 1286.96
8100 1205.47
8200 1137.52
8300 1095.67
8400 1021.73
8500 958.415
8600 909.707
8700 851.195
8800 800.235
8900 761.047
9000 725.396
9100 686.312
9200 651.783
9300 636.687
9400 589.038
9500 578.484
9600 544.891
9700 524.988
9800 505.552
9900 484.242
10000 467.984
10100 451.42
10200 444.748
10300 429.898
10400 427.261
10500 404.066
10600 390.817
10700 382.559
10800 382.46
10900 369.918
11000 362.014
11100 370.068
11200 367.056
11300 351.065
11400 360.597
11500 342.56
11600 338.842
11700 346.492
11800 336.535
11900 336.154
12000 332.436
12100 337.393
12200 330.919
12300 328.809
12400 334.938
12500 338.269
12600 324.192
12700 326.067
12800 322.477
12900 329.562
13000 320.201
13100 319.968
13200 321.791
13300 322.692
13400 326.822
13500 357.218
13600 321.936
13700 321.403
13800 318.826
13900 318.111
14000 319.606
14100 318.427
14200 321.648
14300 318.699
14400 318.315
14500 319.069
14600 320.573
14700 321.07
14800 324.396
14900 318.381
15000 316.863
15100 319.07
15200 352.926
15300 352.971
15400 324.8
15500 319.414
15600 321.393
15700 318.27
15800 319.533
15900 319.655
16000 321.664
16100 321.349
16200 323.743
16300 320.157
16400 322.553
16500 320.597
16600 318.72
16700 320.59
16800 317.916
16900 319.884
17000 318.076
17100 322.077
17200 317.73
17300 321.618
17400 325.625
17500 319.734
17600 324.636
17700 317.529
17800 324.168
17900 318.145
18000 316.977
18100 316.057
18200 319.377
18300 321.066
18400 320.254
18500 318.625
18600 344.127
18700 320.495
18800 320.896
18900 319.217
19000 321.304
19100 324.742
19200 321.646
19300 318.738
19400 324.96
19500 318.418
19600 319.356
19700 318.101
19800 325.863
19900 324.453
20000 318.957
20100 332.253
20200 328.219
20300 320.964
20400 347.753
20500 321.957
20600 327.254
20700 322.944
20800 321.37
20900 329.863
21000 323.147
21100 328.401
21200 323.062
21300 322.495
21400 325.647
21500 330.864
21600 322.683
21700 329.994
21800 323.978
21900 322.047
22000 319.958
22100 320.753
22200 319.654
22300 327.645
22400 331.894
22500 326.425
22600 325.068
22700 332.56
22800 330.694
22900 326.48
23000 320.947
23100 330.609
23200 319.274
23300 322.917
23400 333.559
23500 323.831
23600 319.704
23700 333.692
23800 320.223
23900 332.163
24000 335.807
24100 320.959
24200 323.638
24300 320.108
24400 324.924
24500 319.351
24600 329.026
24700 320.205
24800 320.322
24900 327.329
25000 339.502
25100 322.639
25200 321.139
25300 320.229
25400 322.309
25500 322.635
25600 329.312
25700 322.588
25800 325.657
25900 329.493
26000 328.662
26100 343.821
26200 320.6
26300 321.601
26400 326.68
26500 323.434
26600 328.369
26700 321.214
26800 326.317
26900 322.655
27000 321.319
27100 320.123
27200 322.038
27300 320.208
27400 335.264
27500 328.991
27600 334.825
27700 329.368
27800 331.301
27900 327.176
28000 335.486
28100 327.816
28200 328.06
28300 331.134
28400 327.553
28500 326.467
28600 325.803
28700 326.045
28800 371.533
28900 325.645
29000 324.4
29100 320.546
29200 326.939
29300 318.789
29400 318.88
29500 329.442
29600 329.348
29700 315.679
29800 323.826
29900 330.296
30000 314.505
