100 85.531
200 59.4689
300 41.4894
400 28.6758
500 20.0361
600 13.7157
700 9.52896
800 6.73402
900 4.59136
1000 3.06293
1100 2.06105
1200 1.40434
1300 1.00499
1400 0.708207
1500 0.498786
1600 0.345472
1700 0.240313
1800 0.171034
1900 0.12843
2000 0.105302
2100 0.091081
2200 0.0849387
2300 0.082598
2400 0.0820085
2500 0.0814859
2600 0.0780049
2700 0.0816169
2800 0.0827563
2900 0.0771736
3000 0.0826048
3100 0.0803584
3200 0.0786826
3300 0.0772142
3400 0.0774614
3500 0.0803126
3600 0.0778041
3700 0.0773723
3800 0.0792662
3900 0.0776651
4000 0.0769006
4100 0.0771585
4200 0.0777575
4300 0.0762541
4400 0.0762045
4500 0.0798953
4600 0.0793773
4700 0.079123
4800 0.0760775
4900 0.0758755
5000 0.0788034
5100 0.0743872
5200 0.0817052
5300 0.0816927
5400 0.081096
5500 0.0805497
5600 0.0799326
5700 0.0800362
5800 0.0802718
5900 0.080021
6000 0.0776059
6100 0.0772662
6200 0.0786137
6300 0.082669
6400 0.0773898
6500 0.0771277
6600 0.0791701
6700 0.0770443
6800 0.08052
6900 0.0768243
7000 0.0786896
7100 0.0798629
7200 0.0771425
7300 0.0781236
7400 0.0776791
7500 0.0748675
7600 0.0823423
7700 0.0809294
7800 0.0786046
7900 0.0756101
8000 0.0835546
8100 0.0809509
8200 0.0818642
8300 0.0775613
8400 0.0802451
8500 0.0790973
8600 0.0814997
8700 0.0801672
8800 0.0746633
8900 0.0808495
9000 0.0776277
9100 0.0812157
9200 0.077962
9300 0.0773316
9400 0.0760508
9500 0.0747869
9600 0.0733746
9700 0.0896889
9800 0.0872053
9900 0.0803942
10000 0.0813249
10100 0.0805755
10200 0.0751268
10300 0.0750046
10400 0.0771302
10500 0.0768901
10600 0.0779811
10700 0.0774906
10800 0.0820033
10900 0.0816237
11000 0.0754146
11100 0.0744955
11200 0.0739597
11300 0.075625
11400 0.072715
11500 0.0728732
11600 0.072697
11700 0.0779149
11800 0.0779625
11900 0.0775658
12000 0.0775822
12100 0.0746524
12200 0.0836412
12300 0.0811069
12400 0.0818291
12500 0.0814193
12600 0.0798028
12700 0.0768658
12800 0.0782044
12900 0.0779353
13000 0.0772484
13100 0.0808655
13200 0.0815688
13300 0.0798322
13400 0.0808605
13500 0.0848633
13600 0.0788677
13700 0.0750221
13800 0.0738001
13900 0.0756113
14000 0.0791274
14100 0.0774545
14200 0.0801032
14300 0.076852
14400 0.0754236
14500 0.0765047
14600 0.0762328
14700 0.0779612
14800 0.0807644
14900 0.0817047
15000 0.0776305
15100 0.075243
15200 0.0799361
15300 0.0891537
15400 0.0826022
15500 0.0796276
15600 0.0780388
15700 0.0788173
15800 0.0789086
15900 0.0771152
16000 0.0798162
16100 0.0850544
16200 0.0825458
16300 0.0796961
16400 0.088024
16500 0.0860951
16600 0.0849819
16700 0.0792475
16800 0.0739227
16900 0.0782467
17000 0.0801492
17100 0.0774108
17200 0.0772075
17300 0.0766608
17400 0.0757537
17500 0.0760838
17600 0.0788661
17700 0.078248
17800 0.0792566
17900 0.0774484
18000 0.0748059
18100 0.0950327
18200 0.0868905
18300 0.113142
18400 0.0958986
18500 0.0837967
18600 0.0797739
18700 0.0800964
18800 0.0807488
18900 0.07486
19000 0.077466
19100 0.079121
19200 0.0771827
19300 0.0945755
19400 0.0888599
19500 0.0835344
19600 0.07858
19700 0.0783201
19800 0.0821288
19900 0.0854263
20000 0.0787519
20100 0.0839531
20200 0.0839688
20300 0.0798426
20400 0.0804293
20500 0.0852281
20600 0.082647
20700 0.0825598
20800 0.0785053
20900 0.0826135
21000 0.0838073
21100 0.0837543
21200 0.0755042
21300 0.076607
21400 0.0820102
21500 0.0774195
21600 0.0849917
21700 0.0796542
21800 0.0805474
21900 0.0829503
22000 0.0761429
22100 0.0777113
22200 0.0779392
22300 0.0793552
22400 0.087594
22500 0.0819101
22600 0.0779568
22700 0.0745519
22800 0.0768869
22900 0.0769027
23000 0.0755162
23100 0.0753748
23200 0.0775304
23300 0.0773364
23400 0.0768965
23500 0.0761801
23600 0.0763755
23700 0.0772094
23800 0.0778676
23900 0.0772482
24000 0.0834243
24100 0.0794774
24200 0.0835693
24300 0.0787308
24400 0.0788103
24500 0.0782135
24600 0.0804733
24700 0.0783755
24800 0.07586
24900 0.0798195
25000 0.0902523
25100 0.0807134
25200 0.0775317
25300 0.0770495
25400 0.081796
25500 0.0831343
25600 0.0838346
25700 0.0776205
25800 0.0826437
25900 0.0808714
26000 0.0776953
26100 0.0754063
26200 0.077038
26300 0.0775092
26400 0.0775266
26500 0.0828442
26600 0.0836666
26700 0.0777736
26800 0.0781323
26900 0.0772884
27000 0.0785939
27100 0.0776269
27200 0.0790109
27300 0.0786002
27400 0.0913818
27500 0.0863165
27600 0.0863687
27700 0.0863339
27800 0.0821615
27900 0.0804211
28000 0.0861536
28100 0.0831823
28200 0.0795612
28300 0.075898
28400 0.0760719
28500 0.0729244
28600 0.0747058
28700 0.0745763
28800 0.0825705
28900 0.0802312
29000 0.0840397
29100 0.0785237
29200 0.0765143
29300 0.0786433
29400 0.0758677
29500 0.0737568
29600 0.0807094
29700 0.0783936
29800 0.0762276
29900 0.0805878
30000 0.0743818
