100 102.545
200 93.4184
300 86.1256
400 77.8862
500 69.9624
600 63.185
700 57.4488
800 52.593
900 48.696
1000 43.8796
1100 39.8904
1200 36.6428
1300 33.689
1400 31.0142
1500 28.2611
1600 25.454
1700 23.5839
1800 20.9165
1900 18.9592
2000 17.53
2100 15.94
2200 14.6298
2300 13.4773
2400 12.3727
2500 11.3609
2600 10.3913
2700 9.37916
2800 8.54565
2900 7.74329
3000 7.03535
3100 6.57378
3200 6.06019
3300 5.60376
3400 5.07179
3500 4.69593
3600 4.30796
3700 3.96348
3800 3.60895
3900 3.31049
4000 2.98679
4100 2.76402
4200 2.51341
4300 2.31821
4400 2.09143
4500 1.90605
4600 1.73378
4700 1.58195
4800 1.44244
4900 1.29354
5000 1.18797
5100 1.1007
5200 0.995572
5300 0.919006
5400 0.830695
5500 0.762195
5600 0.681768
5700 0.627355
5800 0.575089
5900 0.526786
6000 0.474077
6100 0.42824
6200 0.391925
6300 0.362858
6400 0.329519
6500 0.29992
6600 0.275312
6700 0.253206
6800 0.231846
6900 0.216777
7000 0.199154
7100 0.182813
7200 0.170519
7300 0.157937
7400 0.145486
7500 0.138003
7600 0.127861
7700 0.120796
7800 0.11471
7900 0.109037
8000 0.107735
8100 0.103994
8200 0.103497
8300 0.100102
8400 0.0963876
8500 0.0930274
8600 0.0901808
8700 0.0865277
8800 0.084807
8900 0.0835449
9000 0.0810147
9100 0.080338
9200 0.0809513
9300 0.0808893
9400 0.0810083
9500 0.0810768
9600 0.0794676
9700 0.0826505
9800 0.0808537
9900 0.0790684
10000 0.0801224
10100 0.0796993
10200 0.0815268
10300 0.0819393
10400 0.0802231
10500 0.0807256
10600 0.079712
10700 0.0780586
10800 0.077766
10900 0.0755066
11000 0.07496
11100 0.076295
11200 0.074457
11300 0.0747389
11400 0.0759824
11500 0.0745435
11600 0.0752664
11700 0.076875
11800 0.0757353
11900 0.0740323
12000 0.0768615
12100 0.0761116
12200 0.0747037
12300 0.0768536
12400 0.0764523
12500 0.0757355
12600 0.0769535
12700 0.0771649
12800 0.0762468
12900 0.0779299
13000 0.0750681
13100 0.0760311
13200 0.0762655
13300 0.0768894
13400 0.0763485
13500 0.0804385
13600 0.0787812
13700 0.0772102
13800 0.0758614
13900 0.0750827
14000 0.0756186
14100 0.0752253
14200 0.0768862
14300 0.0774071
14400 0.0763294
14500 0.0776697
14600 0.076378
14700 0.0788145
14800 0.078288
14900 0.0780947
15000 0.0765653
15100 0.0774721
15200 0.0779558
15300 0.0775253
15400 0.0752918
15500 0.0778845
15600 0.0770128
15700 0.0780396
15800 0.0786787
15900 0.0783572
16000 0.078873
16100 0.0783597
16200 0.0795213
16300 0.077418
16400 0.0769557
16500 0.0783049
16600 0.077856
16700 0.0769066
16800 0.0760445
16900 0.0764572
17000 0.0769071
17100 0.0775249
17200 0.0770135
17300 0.0771388
17400 0.0752464
17500 0.0756421
17600 0.0748643
17700 0.0750462
17800 0.0764682
17900 0.0759154
18000 0.0759618
18100 0.0768281
18200 0.078284
18300 0.0794956
18400 0.0786292
18500 0.076634
18600 0.077593
18700 0.0796142
18800 0.0800091
18900 0.0789371
19000 0.0793998
19100 0.0821287
19200 0.0811121
19300 0.0787621
19400 0.0773316
19500 0.0778135
19600 0.0785214
19700 0.0779081
19800 0.0801406
19900 0.081586
20000 0.0798673
20100 0.0809665
20200 0.0822366
20300 0.0814269
20400 0.0825157
20500 0.0812495
20600 0.0808968
20700 0.0807533
20800 0.0793409
20900 0.0782169
21000 0.0827564
21100 0.0846759
21200 0.082552
21300 0.0817931
21400 0.0826623
21500 0.0808378
21600 0.0833674
21700 0.0832063
21800 0.083161
21900 0.0852565
22000 0.0813039
22100 0.0803532
22200 0.0806108
22300 0.0798909
22400 0.0913857
22500 0.08862
22600 0.0853452
22700 0.0824002
22800 0.0818499
22900 0.0825312
23000 0.0801906
23100 0.0777115
23200 0.0774609
23300 0.0795741
23400 0.0792243
23500 0.0799076
23600 0.0781387
23700 0.0797891
23800 0.077704
23900 0.0787003
24000 0.0832278
24100 0.0804473
24200 0.0811043
24300 0.0789909
24400 0.078463
24500 0.0773941
24600 0.0783541
24700 0.0799148
24800 0.0787282
24900 0.078597
25000 0.0862043
25100 0.0834097
25200 0.0805891
25300 0.0794987
25400 0.0828521
25500 0.0823443
25600 0.0806512
25700 0.0811591
25800 0.0809011
25900 0.0818035
26000 0.0800295
26100 0.0786721
26200 0.0777401
26300 0.0776177
26400 0.0773872
26500 0.08158
26600 0.0815552
26700 0.0796499
26800 0.0808487
26900 0.0805182
27000 0.0774968
27100 0.0763152
27200 0.0765816
27300 0.0755075
27400 0.0885832
27500 0.0883518
27600 0.0899354
27700 0.0896395
27800 0.0856719
27900 0.0810815
28000 0.0815458
28100 0.0843338
28200 0.0846216
28300 0.0821085
28400 0.0814454
28500 0.0794742
28600 0.077752
28700 0.0774014
28800 0.0783919
28900 0.0785088
29000 0.0782275
29100 0.0770334
29200 0.0792018
29300 0.0754365
29400 0.0746495
29500 0.0738581
29600 0.0721422
29700 0.0711504
29800 0.0709422
29900 0.0725563
30000 0.0723344
